2062
2004
2055
2027
2023
2029
2093
2163
2132
2089
1968
1983
2026
1904
2020
1959
1956
1960
1991
2076
2201
2085
2092
2114
2193
2253
2328
2312
2114
2045
1965
2020
1923
1905
2024
1951
1986
2053
2141
2117
2064
2049
2103
2072
1993
1962
1996
2070
2146
2053
1962
2114
2083
1989
1996
2057
2184
2214
2212
2164
2120
2041
2156
2232
2065
2013
2043
2034
2022
2018
2037
2088
2140
2173
2257
2077
2175
2202
2123
1976
1939
1927
1977
2021
2111
2079
2067
2119
2088
2087
2085
2088
1972
2055
2118
2012
1972
2082
2061
1989
1907
1923
2044
2086
2039
2079
2085
2151
2007
2022
2014
2069
2129
2107
2089
1971
1919
2085
2152
2161
2169
2174
2225
2202
2219
2191
2073
2036
2051
1979
1953
1988
2069
2073
2084
1972
1902
2049
2097
2085
2014
2060
2101
2007
2038
2059
2040
2132
2132
1983
2100
2153
2252
2281
2249
2132
2092
2072
2032
1958
2069
2015
2070
2125
2123
2088
2119
2155
2022
1957
1924
2039
2055
2051
2013
2118
2011
2029
2052
1993
2049
2149
2113
2070
2087
2121
2007
1956
1951
1923
1913
1853
1888
1940
2064
2073
2266
2229
2197
2117
2070
2089
2052
2056
2053
2044
2056
2124
2166
2168
2159
2073
2096
2151
2042
2036
2027
2036
2125
2156
2110
2075
2057
2039
2156
2221
2187
2077
2089
2070
2049
2092
2070
2054
1947
1993
2077
2035
1981
2047
1967
2096
2057
2000
2044
2172
2183
2143
2098
2109
2054
2106
2051
2076
2025
2049
2045
2137
2108
2180
2194
2097
2097
2114
2044
1968
2025
2071
2056
2169
2134
2100
2220
2199
2089
2009
2041
2020
2060
2053
1891
1983
1944
1913
1889
1964
2027
1996
2030
2005
2021
2022
2079
2104
2176
2180
2233
2156
2135
2040
1941
1950
1935
2021
2138
2153
2169
2213
2234
2293
2212
2077
2051
2199
2098
2076
2117
2092
2005
1943
2051
2172
2121
2169
2124
2001
2017
2037
2090
2043
1960
1991
2108
2015
2068
2054
2033
2085
2189
2265
2143
2077
2014
2005
1913
1868
1877
1967
1975
2170
2231
2107
2073
2063
2037
2057
2104
2191
2216
2150
2213
2116
2059
2090
2021
2019
2072
2073
2133
2116
2041
1881
1964
1981
2117
2081
2106
2104
2137
2014
2037
2101
2096
2111
2039
1945
2050
2057
2005
2100
2077
2013
2066
1986
1973
1977
1983
2031
2129
2148
2157
2204
2141
2132
2203
2164
1989
1971
1951
1921
1965
2084
2197
2125
2133
2087
2094
2193
2191
2108
2118
2001
1951
1960
2025
1973
2060
2129
2081
2133
2168
2192
2041
1951
2044
1973
1958
2007
1945
2071
2000
2093
2004
1964
2020
2059
2060
1996
2089
2141
2143
2149
2096
2065
2056
2014
1921
2100
2125
1967
1877
1963
2015
2052
2120
2128
2097
1985
2062
2124
2109
2223
2281
2192
2090
2118
2149
2121
2074
2063
2075
2134
2189
2236
2038
2076
2097
2080
2280
2261
2161
2209
2136
2064
2029
2053
1989
2033
2147
2056
2031
2055
2026
2025
1971
1932
1854
1917
1967
1929
2052
2072
2156
2054
2029
2073
2034
2044
2081
2201
2268
2105
2029
2068
2154
2073
1968
1970
2004
2041
1998
2076
2052
2001
2020
1988
2060
2007
2035
2001
2089
2124
2253
2346
2295
2281
2301
2161
2092
2067
1979
1988
1971
1919
1966
1908
1921
2076
2111
2116
2007
2009
2041
1993
2072
2119
2114
2087
2142
2160
2164
2207
2044
2013
2023
2015
1988
1997
2013
2095
2172
2134
2102
2107
2086
1998
2069
2056
2065
2072
2141
2033
2027
2109
2225
2257
2210
2202
2105
1981
2023
2082
2081
1969
1921
1949
2003
2029
2019
2001
2038
2105
2149
2138
2058
2161
2221
2192
2220
2192
2236
2145
2132
2164
2036
2063
2025
2031
1975
2020
2105
2148
2047
2013
1872
1895
1959
1994
1998
2066
2038
2109
2166
2116
2049
2113
2144
2071
2131
2026
2073
2050
2032
1957
1956
2047
2141
2122
2133
2142
1985
2008
2034
2064
2014
2076
2148
2109
2064
2166
2165
2160
2181
2237
2239
2152
2076
2047
2105
2119
2020
2032
2167
2153
1845
1766
1864
1977
2011
2060
2081
1996
1948
2050
2072
2041
2189
2133
2151
2100
2101
2140
2018
2073
2094
2229
2166
2125
2128
1992
1894
2006
2045
2087
2061
2135
2151
2075
2119
2111
2052
2072
2068
1971
2076
1931
1919
1936
2065
2099
2169
2058
2077
2074
2106
2129
2148
2215
2147
2075
2025
2036
2017
1945
2052
2109
2006
1994
1957
1926
2011
1951
2020
2139
2089
2125
2068
2107
2224
2220
2214
2113
2068
2072
2135
2138
2074
2052
2062
2082
2145
2034
2064
2117
1998
1988
1925
1916
1909
1988
1973
1995
2089
2157
2069
2035
2103
2090
2121
2217
2084
2124
2089
2109
2104
2237
2299
2268
2205
2224
2121
2015
2049
1936
1983
2052
1933
1893
1927
2008
1973
1929
1954
2048
2055
2096
2094
2027
2115
2053
2086
2009
2023
2143
2154
2025
2145
2205
2244
2137
2061
1949
2039
2008
1897
1993
1928
2069
2116
1956
1934
2054
2141
2107
2154
2133
2023
2069
2053
2107
2153
2117
2181
2187
2205
2143
2087
1960
1977
2061
2019
2107
1933
2060
2021
1948
1973
1950
1977
2032
2073
2164
2239
2213
2209
2285
2224
2213
2161
2173
2118
2128
1975
2010
2087
1939
1898
1951
1970
1977
1999
2003
2109
2088
2072
2129
2105
2166
2098
1958
2025
1989
2007
2123
2172
2025
1956
1957
1904
2028
2072
2190
2086
1983
2077
2192
2170
2216
2160
2061
2189
2232
2192
2193
2130
2124
2121
2048
2004
2028
1920
1964
2032
2037
2053
2052
2021
2009
2019
1951
2108
2093
2040
1999
2061
2099
2049
1982
2005
2085
2099
2133
2221
2259
2153
2113
2073
2159
2229
2122
2087
2033
2099
2017
1927
2061
2146
2225
2229
2192
2081
1975
1954
1848
1957
2004
2068
2116
2105
2112
2161
2113
1995
1983
1960
1929
1983
1973
2021
2062
2152
2177
2147
2073
2061
2088
2127
2145
2094
1993
2096
2032
2132
2132
2175
2150
2156
2075
1998
1988
2001
2026
2028
2033
1994
2087
2164
2205
2120
2076
2034
2004
2079
2239
2193
2219
2143
2123
2173
2135
2181
2152
2121
2074
2126
2020
1980
2008
2084
2044
2121
2129
2059
2108
2074
2065
2063
2064
2121
2190
1996
1966
1887
1982
2052
1926
1961
2116
2140
2091
2081
2064
2051
1999
2006
2012
2036
2101
2125
2007
1896
1916
1999
1936
1961
2029
2003
2092
2165
2134
2207
2063
1993
1949
1989
2103
2086
2033
2039
2100
2125
2176
2175
2203
2111
2062
2049
2104
2162
2177
2071
1870
1897
1867
1955
2017
2019
1981
2033
2038
2015
2213
2205
2231
2145
2031
2024
2065
2074
2021
2106
2012
2087
1975
2042
2212
2201
2164
2175
2096
2100
2183
2100
2130
2181
2213
2189
2167
2069
2061
2097
2111
2117
2185
2034
2048
1889
1720
1831
1883
2079
2111
2103
2199
2156
1992
2020
2060
1919
1902
1988
2100
2239
2221
2193
2072
1950
2033
2105
2097
2071
2140
2181
2130
2040
2041
1953
2084
1939
1896
1934
2077
2113
2120
2079
1978
1924
2079
2109
2077
2081
2045
2082
2176
2204
2157
2184
2023
2021
2133
2253
2164
2165
2096
2116
2019
2087
2065
2133
2092
2174
2137
2078
2033
2077
1961
2015
2069
2036
1959
1982
2155
2145
2121
2207
2296
2116
2001
2066
2015
2076
2028
2014
2069
2060
2000
2032
2101
1956
2002
1977
2015
2030
2056
2136
2171
1983
1988
1993
2045
2114
2190
2057
2061
2081
2067
2081
2038
2002
2128
2173
2093
2106
2128
2152
2064
2017
1957
2133
2074
2148
2023
1949
1944
2039
2153
2181
2261
2213
2177
2179
2253
2126
2023
2073
2141
2149
2133
1996
1994
2081
2116
2150
2103
2160
2131
2038
1993
2063
2020
1973
2056
2137
2078
2105
2093
2030
2061
1915
1955
1993
1943
1947
2021
1874
1933
2012
2077
2120
2170
2079
2028
1983
1900
2005
2052
2065
2015
2060
2047
2202
2257
2216
2077
2176
2236
2092
2100
2149
2142
2027
2058
2067
2050
2090
2064
1968
1933
1874
1974
1974
1989
2004
2002
2001
2073
2156
2088
2108
2157
2244
2305
2173
2135
2083
1980
2101
2141
1961
1996
1980
2052
2211
2157
2182
2161
2116
2167
2103
2103
2126
2081
2054
2013
2068
2009
2092
1988
1976
2037
2006
1992
2044
2116
2044
2132
2097
2108
2085
2075
2148
2121
2066
2081
2146
2033
1981
2020
2025
1971
1998
2060
2028
2043
2005
2009
2033
2050
2023
2050
2185
2253
2116
2057
2088
2101
2212
2185
2176
2171
2076
2004
2020
2012
2085
2066
2157
2188
2199
2129
1992
2041
2049
2104
2064
2023
2050
2079
2037
2161
2164
2157
2126
2076
2008
2035
1957
1980
2025
2029
2073
2157
2213
2209
2168
2116
2133
2105
2029
2086
1996
1891
1869
1896
1981
1868
1986
1969
2035
2069
1997
2068
1972
1956
2132
2147
2217
2277
2169
2137
2110
2100
2161
2094
2128
2061
1980
1972
1988
1997
1993
2040
2009
2081
2173
2056
2096
2073
2000
1989
1983
2012
1959
1974
2049
2160
2158
2220
2220
2101
2129
2120
2140
2044
1997
1974
1969
2072
2002
2055
1998
1982
2004
1957
1980
1996
2015
2072
2227
2124
2189
2186
2143
2102
2087
2074
2007
2033
2127
2128
2054
2133
2225
2137
2069
2129
2125
2126
2105
2029
2049
2137
2060
2111
2156
2149
1987
1860
1823
1951
1983
2137
2168
2128
2030
2075
2032
2140
2092
2077
2120
2122
2069
2117
1949
1910
1893
1919
1953
2024
2140
2168
2232
2225
2076
2040
2013
2069
2065
2004
1993
2097
2058
1975
1928
2064
2062
2104
2199
2146
2039
2085
2149
2196
2221
2157
2073
2141
2109
2108
2072
2047
2166
2137
2004
1911
1917
1869
1997
1956
1940
2001
1955
2078
2088
2066
2024
2079
2160
2111
2072
1949
1997
2061
2083
2081
2189
2128
2158
2181
2125
2109
2070
2165
2163
2004
2019
1934
1895
1988
2084
2012
2115
2084
2057
2044
2201
2333
2329
2148
2133
1975
2068
2118
2062
2018
2001
2111
2119
2072
1936
1865
1977
2116
2004
1997
2046
2073
2131
2091
2171
2178
2068
2045
2011
2070
2103
2137
2072
2196
2125
2137
2181
2187
2143
2061
1933
1986
2052
2104
2108
2015
1962
2040
1977
2111
2119
1970
1929
2072
2025
2190
2169
2074
2157
2173
2181
2177
2154
2085
2163
2031
2052
2056
2065
2130
2108
2083
2069
2104
2157
2113
2064
1919
1949
1981
1963
1950
1875
1957
1933
2053
2070
2141
2123
2162
2089
2076
2039
2139
2105
2124
2219
2173
2077
2031
1960
2015
2015
1951
1945
2057
2065
2058
2039
2125
2140
2117
2029
1965
1929
1968
2009
1919
1921
2135
2164
2110
2091
2067
2100
2044
2128
2201
2143
2110
2105
2162
2198
2088
2070
2048
2081
2049
2101
2133
2095
2080
2056
1924
1967
1977
2105
2225
2025
2076
2068
2059
2139
2121
2113
2101
1985
1929
1994
2037
2005
1983
1919
2021
2073
2007
2069
2097
2096
2119
2179
2199
2234
2308
2338
2288
2236
2225
2248
2228
2171
2077
1887
2007
1958
1929
2005
2084
2081
2044
2010
1961
1965
2005
1993
2104
2109
2105
2053
1952
1978
1977
2114
2185
2244
2143
2107
2094
2183
2133
2094
2015
1966
1822
1756
1895
2036
2031
2124
2021
1988
2051
2125
2213
2245
2149
2233
2185
2156
2271
2182
2096
2093
2121
2162
2117
2028
2009
2000
1911
1968
1921
1937
1948
1916
1995
2070
2138
2193
2212
2062
2165
2109
2093
2015
1955
1988
1913
1997
2032
2076
2189
2206
2121
2037
2103
2126
2155
2151
2122
2160
2069
2098
2005
1968
2064
1927
1957
1997
1973
2112
2128
2201
2170
2111
2033
2157
2089
2077
2099
2064
2041
1979
2021
2045
1993
1897
1930
2088
2069
2036
2079
2002
2096
2175
2103
1975
1886
1899
1997
2079
2138
2181
2181
2208
2160
2098
2070
2065
2025
2151
2199
2036
2024
2180
2254
2180
2125
2165
2186
2191
2188
2079
2011
2064
1977
2013
2052
2084
1997
1972
1909
1941
1954
1989
2104
2140
2071
2076
2119
2107
2057
2111
2039
2101
2068
2061
2149
2129
2109
2083
1997
2009
2018
2001
2096
1983
2044
2054
2069
2093
2040
2111
2135
2189
2221
2125
2025
2058
2035
2005
2006
2047
2065
2091
2081
2157
1970
2068
2071
2024
2061
2116
2085
2089
2145
2188
2180
2085
2052
2164
2213
2271
2216
2101
2015
1964
1945
2035
2001
1914
2007
1986
2120
2097
2014
2121
2205
2167
2151
2023
1965
1973
2004
1885
1940
2059
2142
2203
2142
2213
2304
2242
2132
2084
1983
1999
2005
1893
1959
2072
1992
1953
2035
2076
2246
2228
2149
2023
2008
2065
2170
2081
1973
2023
2041
1935
1872
1887
1909
1957
1932
1945
1992
2079
1992
2069
2164
2124
2152
2205
2124
2162
2249
2121
2015
2109
2157
2183
2180
2143
2114
2084
2031
2039
2036
2039
2045
2056
2084
2109
2088
2013
2007
1913
1961
1989
2065
2170
2275
2167
2041
2041
2101
2056
2005
2052
2166
2186
2138
2074
2127
2018
2111
2111
2216
2271
2179
2097
1980
1937
1917
1973
1897
1983
2013
2054
2065
2017
2012
2132
2090
2123
2252
2364
2293
2260
2109
2010
1907
1924
1959
1942
1913
1993
2014
1991
2068
2061
2108
2173
2196
2143
2138
2049
1973
1982
1962
1928
2044
2073
2160
2172
2095
2082
2094
2107
2100
2096
2128
2256
2288
2267
2135
2117
2019
1894
1954
1995
2049
2073
2157
2179
2105
2164
2246
2079
2111
2058
1907
2025
2079
2189
2129
2064
2077
2085
2089
2143
2068
1959
2008
2045
1967
1959
2140
2145
2084
2092
2100
2141
2089
2121
2125
2082
2136
2097
2089
2105
1967
1923
1906
1841
1896
2022
2085
2178
2256
2205
2192
2156
2017
1996
1977
2052
1961
1989
2037
2085
2141
2145
2125
2148
2082
2064
1864
1948
2043
1973
2086
2189
2120
2092
2005
1955
2012
2085
2081
2089
2126
2140
2200
2066
2068
2033
2064
2004
2113
2077
2081
2045
2076
2061
2121
2084
1937
2045
2148
2232
2041
2019
1969
1971
2025
2164
1994
2020
2056
2052
2015
1992
2037
2088
2025
2056
2121
1966
1897
1881
1958
2084
2225
2185
2141
2039
2060
2173
2181
2013
1988
2005
2108
2104
2052
2094
2153
2111
2194
2220
2140
2193
2177
2123
2146
1982
1913
2007
2063
2111
2156
2061
1947
1961
1993
2020
2100
2101
2031
2045
2065
2043
2140
2264
2299
2237
2236
2207
2148
2096
2093
2027
1945
1906
1855
1951
2023
1977
1975
1941
1943
2051
2144
2039
2085
2094
2041
2109
2002
1945
2150
2152
2226
2116
2126
1961
1867
1989
2036
2088
2086
2088
2088
1965
1989
2064
2099
2036
2025
1965
2049
2118
2191
2262
2182
2095
2098
2077
2043
2092
2165
2204
2239
2261
2285
2085
2009
2125
2143
2192
2143
2020
2060
2191
2124
2108
2077
2121
2096
2122
2094
2085
2035
2069
2108
2072
1943
1989
1985
2021
2051
2105
2175
2077
2034
2069
2042
1993
2049
2050
2003
2057
1933
1940
2035
2092
2085
2050
2032
2030
1991
1963
1973
2015
2088
2133
2141
2059
2200
2199
2183
2121
2195
2128
2184
2146
2041
2024
2034
2037
2061
2121
2129
2076
2101
2121
2085
2009
2021
2025
1979
1927
1901
1946
1996
1999
2025
2132
2114
2087
2128
2120
1989
2013
2132
2188
2202
2152
2143
2123
2172
2078
2160
2143
2054
2018
1993
2042
1992
2049
2081
2049
2103
2173
2117
2109
1946
1914
1963
1991
1983
1968
1975
2004
2001
1975
2002
2024
1992
2005
2075
2078
2121
2135
2105
2124
2154
2004
1937
2028
2047
1957
1960
1981
2137
2195
2169
2061
2105
2091
2053
2160
2151
2123
2107
2193
2209
2232
2197
2084
2096
2013
1899
1931
1860
1929
1910
1995
2100
2065
2106
2174
2116
2039
2164
2151
2145
2113
2054
1972
2028
2097
2073
2125
2051
2036
2176
2085
2115
1995
2015
2005
1974
1929
2005
2135
2116
2200
2244
2184
2225
2151
2124
2064
1944
2097
2151
2149
2212
2182
2186
2151
2092
2019
1967
1988
1944
2039
2117
2085
2089
1975
2015
2089
2135
2148
1993
1895
1866
1917
1996
2037
2166
2105
2054
2055
2051
2081
2145
2093
1982
1948
2049
2231
2138
2085
2066
1968
1940
1981
2021
2076
2003
1955
2056
2169
2180
2088
2086
2077
2124
2092
2181
2168
2128
2117
2053
1969
1999
1978
1901
1887
2012
1996
1989
2004
2122
2141
2189
2167
2092
2066
2095
2161
2253
2176
2177
2133
2181
2120
2133
2137
2024
1991
1950
1844
1933
1964
2040
2028
2005
1994
2034
1989
2007
2105
2093
2111
2134
2166
2160
2092
2066
2073
2095
2073
2181
2288
2152
2210
2147
2124
2184
2126
2092
2100
2223
2140
2005
2025
1975
1972
1909
1993
2037
2110
2157
2207
2125
2114
2089
2105
2101
2167
2068
2027
1973
1972
2029
2059
2040
2031
2104
2092
2111
2135
2175
2156
2012
1977
1959
2020
2084
2062
2015
2193
2245
2057
1983
2060
1960
1996
2061
2073
2004
2073
2197
2305
2250
2164
2043
1907
1934
2073
2070
2158
2135
2173
2153
2085
2099
2164
2173
2153
2027
1950
1936
2029
1959
2039
2067
2012
1880
1899
2000
1951
2000
1996
2015
2049
2093
2055
2040
1965
1993
2023
2121
2146
2096
2089
2108
2116
2093
2117
2088
2193
2228
2117
2064
2092
2132
2066
2061
2111
2070
1997
1974
1958
2072
2015
2011
1951
1969
1933
2079
2124
2141
2040
2013
2052
2088
2169
2104
2140
2141
2104
2104
2051
2071
2192
2257
2075
1849
1749
1976
2071
2176
2107
2069
1965
2061
2093
2088
2111
2024
2117
2152
2067
2056
2085
2057
2146
2197
2249
2081
2043
2052
2070
2011
1958
1997
2115
2122
2047
2065
2149
2173
2108
2100
2078
2132
2136
2160
2161
2127
2253
2121
2130
2071
1926
1946
1980
2030
2138
2106
2084
1980
1933
2045
1966
1949
1983
1894
1881
1926
2004
2128
2109
2085
2068
2030
1999
1992
2111
2020
2049
2069
2025
2095
2199
2184
2237
2220
2253
2207
2205
2127
2069
1980
2039
1989
2040
2193
2254
2221
2223
2173
2061
2007
2041
2020
2064
2066
2171
2101
2074
2046
2056
2003
2049
2157
2168
2229
2167
2099
2014
2077
2073
2019
2017
2068
2085
2122
2057
1968
2001
2101
2064
2060
2009
2061
2021
1998
2097
2004
1957
2012
2037
2120
1957
1971
2082
2220
2105
2064
2055
2010
2011
2001
2015
2012
2136
2069
2035
2065
2146
2082
2003
1957
2039
2081
2125
2178
2116
2096
2068
2100
2038
2082
2215
2109
1864
1900
1932
2096
2212
2305
2357
2212
2097
2075
2079
2065
1951
1973
1945
1977
2075
2050
2034
2071
2084
2089
2015
2003
2099
1969
1872
1823
1895
1997
2014
2018
2197
2127
2156
2095
2074
2123
2268
2229
2165
2053
2105
2056
2041
1886
1953
1933
1932
1951
2149
2173
2078
1989
1932
1956
2001
1954
2121
2220
2141
2085
2015
2027
1996
2044
2109
2305
2265
2301
2228
2105
2106
2109
2093
2028
2055
2083
2109
2021
1900
1949
1982
2092
2095
2077
2045
2064
2129
2173
2237
2135
2095
2213
2074
2065
1976
2052
2161
2213
2265
2039
2060
2096
2082
2039
2060
2097
2136
2157
2197
2207
2189
2163
2102
2198
2043
2104
2077
1961
2001
2076
2053
2037
2075
2053
1953
1828
1791
1919
2020
1988
2120
2264
2185
2082
2132
2165
2130
2189
2165
2190
2115
2133
2013
1931
1887
1991
1988
2005
2031
1949
1928
1972
1904
1802
1857
1949
2100
2134
2097
2201
2268
2192
2167
2105
2189
2197
2237
2233
2146
2080
2014
2017
2056
2070
1904
1799
1877
1993
1961
2031
2049
1972
1999
2062
2181
2205
2105
2207
2253
2156
2137
2129
2020
2007
1917
2089
2150
2271
2288
2220
2164
2143
2193
2176
2093
2000
1933
2012
2079
2032
1969
1939
1887
2006
1991
1921
2052
2084
2027
2025
2103
2159
2105
2007
2084
2106
2092
2097
1978
2015
2007
2083
2124
2143
2205
2149
2084
2013
2027
2017
2062
2084
2073
2120
2085
2065
2038
1999
2091
2124
2087
2097
2247
2220
2082
2065
2060
2121
2060
2053
2109
2141
2150
2067
1996
2053
1900
2024
1964
2084
2134
2118
2129
2042
2022
2141
2201
2158
2136
2180
2124
2035
1817
1910
1973
1935
2061
2104
2140
2124
2148
2118
2176
2089
2093
2124
2196
2168
2111
2008
1901
1913
1936
1981
2044
2066
2136
2225
2114
2050
2057
2079
2073
1959
1900
1995
2057
2036
2099
2100
2079
2180
2149
2100
2056
2103
2172
2172
2129
2173
2141
2037
2082
2073
2047
2132
2209
2126
2117
2079
1953
1925
1959
2037
2017
1976
2087
2179
2152
2145
2043
2076
2065
2033
1921
1970
2030
2044
2013
2076
2196
2085
2054
2084
2200
2081
2054
1908
1943
1897
1965
1877
2057
2003
1945
2029
2075
1977
2119
2177
2217
2194
2173
2064
2162
2077
2023
2001
1999
2069
2049
2031
2080
1924
2023
2081
2226
2201
2290
2198
2099
2064
2061
2045
2100
2177
2076
1983
1913
2013
1965
2009
2012
1933
1981
2003
2061
2064
2099
2064
2116
2124
2062
2152
2064
2031
2101
2161
2237
2089
2009
2028
2137
2061
2168
2109
2162
2198
2286
2192
2133
2232
2313
2233
2151
2056
2043
1869
1980
1956
1983
1886
1908
1990
2047
2120
2076
2104
2045
2068
2177
2169
2050
1962
2028
2053
2038
2032
2133
2056
1932
1962
2052
1999
1995
1923
1888
1947
2000
2020
2005
2027
2088
2180
2197
2156
2179
1964
1943
2085
2069
2145
2161
2092
1982
1989
2011
2064
2164
2152
2121
2036
2049
2116
2079
2089
2140
2108
2104
1998
1977
1978
2013
1981
2042
2120
2201
2137
2088
1983
1972
1963
1948
1970
1953
2076
1965
1961
2072
2176
2225
2171
2121
2069
2015
2132
2186
2180
2136
2116
2071
2042
1983
2020
2021
2117
2244
2300
2200
2077
2050
2003
2061
2111
2114
2040
2011
2040
2064
2069
2096
2129
2093
2066
2205
2239
2199
2103
2148
2161
2159
2184
2165
2092
2064
2053
2106
2132
2152
2065
2034
1927
1907
1859
1851
1948
1931
1951
1983
2040
2082
2001
2000
2071
2058
2148
2077
2097
2004
2033
2132
2164
2092
2041
2044
2153
2036
2084
2173
2087
2019
2205
2201
2104
2061
2165
2132
2111
1960
2045
2138
2121
2228
2173
2064
2055
1964
1897
2029
2004
1991
2092
2020
2072
2072
2077
2226
2136
2110
2035
2029
1963
1966
2013
1955
2064
2035
2002
1989
2010
2094
2039
1899
2001
2156
2134
2263
2302
2126
2199
2264
2236
2109
2053
2020
1966
1941
2077
2097
2095
2094
2015
1970
2028
2052
2073
2013
2062
2042
2132
2188
2221
2210
2105
2137
2141
2128
2137
2111
2008
2029
2049
2101
2116
2113
1940
1872
1855
1926
1876
2036
2180
2132
2184
2176
2181
2138
2206
2050
1970
1957
2036
2031
2023
1972
2017
2066
2003
1918
1932
1904
1975
2129
2119
2109
2177
2153
2181
2124
2180
2174
2232
2168
2216
2143
2033
1977
2045
2004
2114
2081
2116
2153
2164
2052
2039
1975
1983
1975
1977
2005
2070
2085
2003
2012
2037
2060
2071
2197
2148
2092
2096
2153
2145
2042
2109
2145
2160
2233
2159
2060
2129
2047
2017
2025
2087
2066
2133
2165
2111
2145
2143
2064
2036
1923
1968
1998
2020
1975
2044
1948
1988
2103
2205
2309
2111
2142
2104
2041
2060
1999
2043
2092
2053
2060
2043
1965
1956
1910
1953
2024
2033
2165
2182
2077
2166
2129
2041
2116
2106
2078
2086
2028
2041
2021
1998
2060
2021
2068
2201
2161
2218
2126
1993
1913
1924
2045
2123
2155
2182
2137
2085
1988
2103
2129
2165
2158
2161
2105
2024
2021
1960
1946
1970
1979
2005
2108
2126
2096
2145
2067
2056
2192
2079
2064
2096
2021
1996
1967
1969
2045
2017
2136
2056
2089
2078
2113
1969
1909
1953
1993
2033
2025
2093
2147
2065
2118
2193
2248
2129
2163
2104
2097
2005
2041
2029
2114
2085
2133
2009
2021
2021
2034
2053
2110
2112
2090
2168
2148
2117
1951
2034
1946
2036
2143
1981
2007
2096
2150
2113
2136
2107
2160
2157
2192
2111
2121
2049
2060
2113
2215
2122
2237
2054
2146
2052
2004
1996
1945
2029
2140
2157
2067
2064
2035
2010
2095
2012
2113
2100
2116
2045
1958
2007
2065
2179
2187
2247
2143
2044
2150
2077
2020
1916
1933
1961
2076
2054
2015
1965
2045
2136
2115
2039
2092
2045
2094
2060
1981
2044
2075
2069
2169
2204
2184
2106
2100
2035
2092
2093
2025
2041
2073
2041
1948
1942
1892
1938
1969
2015
2023
2133
2156
2177
2140
2109
2040
2043
2013
2036
1989
2106
2145
2069
2103
2083
1965
2025
2065
2065
2169
2040
2088
2205
2257
2245
2104
2092
2053
1983
1901
1972
1941
2084
2188
1990
2001
2036
2033
1999
2002
1890
1943
2093
2074
2225
2126
2076
2085
2107
2148
2108
2005
2081
2180
2176
2133
2179
2137
2039
2049
2033
2095
2077
2045
2041
2034
2161
2111
2169
1996
2061
2053
2095
2129
2042
2213
2185
2057
2096
2116
2078
2118
1981
1980
2012
2015
2009
2050
2033
2124
2230
2133
2156
2124
2031
2015
2013
1964
1949
2098
2061
2009
2021
2118
2159
2065
2094
2065
2036
2043
2031
2004
2142
2124
2120
2111
2046
1880
1991
2047
2072
2078
2132
2216
2288
2205
2213
2015
2045
2044
2005
2007
2089
2045
2120
2162
2168
2029
2072
2138
2213
2193
2006
2058
2052
1916
2003
1921
1956
1961
1970
2048
2064
2133
2156
2066
2068
2010
2073
2135
2124
2064
2135
2090
2102
1998
2100
2072
2081
2121
2207
2115
2200
2081
2128
2113
2105
2060
2032
2073
2146
2089
2047
2012
2000
2132
2148
2089
1997
2139
2077
1938
1932
1973
1997
1980
2025
2007
1979
1978
2101
2197
2076
2120
2143
2081
2073
2065
2041
2058
1903
1955
2064
2122
2169
2172
2041
2059
2169
2161
2153
2152
2029
2044
2011
1897
2001
2008
2064
1998
2105
1915
2035
2006
1996
2045
2041
2072
2002
1936
1960
2013
1919
1999
1911
2100
2173
2185
2173
2207
2244
2205
2205
2076
2069
2188
2162
2111
1913
1927
2015
2061
2264
2245
2126
2160
2113
2077
2129
2120
2112
2007
1876
1885
1859
1959
2060
2184
2146
2086
2106
2169
2078
1939
1958
1946
1989
1990
2074
2182
2151
2179
2143
1951
1935
1956
1991
1924
1991
2028
2049
2072
2084
2128
2067
2014
2111
2139
2140
2321
2165
2165
2080
2031
2045
2076
2092
2160
2172
2167
2057
1977
2096
2181
2068
2014
2001
2042
2015
2033
1973
2017
2015
1956
2049
1982
2107
2066
2044
2048
2036
1977
2009
2225
2259
2280
2163
2043
1964
1908
1965
2120
2160
2075
2044
2031
2015
2015
1943
2125
2113
2172
2104
2070
2048
2135
2156
2148
2159
2129
2078
2072
1940
2008
2101
1989
2033
2153
2228
2219
2193
2038
2014
1967
2056
2093
2029
1957
1989
1867
1973
2100
2126
2081
2167
2168
2069
2109
2109
2169
2119
2052
2179
2250
2180
2158
2086
2025
1989
1870
1914
2040
2097
2076
2127
1978
1949
2036
2073
2128
2218
2205
2212
2140
2128
2185
2108
2225
2060
2041
2045
1953
1976
2027
2073
2053
2113
2053
1917
2049
2102
2081
1994
1910
2048
2082
2036
1925
1914
1987
1967
2000
1988
1957
2040
2097
2119
2072
1930
2061
2132
2169
2236
2210
2076
1973
1934
2015
2101
1993
2129
2111
2058
1924
2097
2124
2100
1989
2023
2064
2156
2173
2234
2229
2298
2271
2141
2116
2121
2117
2066
2001
1988
2051
2037
2081
2225
2145
2069
2101
2068
2014
2037
1976
2007
2039
2082
2131
2042
1960
2111
2100
2189
2244
2212
2123
2043
1943
1971
2008
2022
2017
1990
2099
2121
2101
2044
1999
2050
2036
2044
2025
2028
1998
2053
2179
2222
2064
2116
2176
2040
1900
1960
1941
2078
2121
2180
2189
2073
2033
2047
2031
1981
1932
2049
2009
2060
2052
2061
2113
2175
2097
2033
2049
2079
2150
2071
2023
1988
1907
1965
2014
2189
2217
2189
2212
2076
2084
1985
1875
1949
2052
2069
2143
2171
2071
2080
2116
2137
2204
2237
2210
2057
2116
2076
2064
2154
2205
2290
2185
2217
2074
1951
1983
1964
2033
2085
2081
2031
1989
1954
1937
1924
1941
2009
2035
2068
2037
1981
1927
1996
2058
2029
2037
2132
2132
2125
2038
1999
2113
2200
2237
2210
2132
2019
2056
2096
2014
2237
2235
2164
2181
2207
2144
2251
2066
2069
2038
2132
2111
2156
2096
2015
2124
2087
2074
2129
2124
2094
1881
1932
2037
2095
2143
2205
2111
2052
2140
2027
2007
1959
1979
2075
2025
2007
2058
2113
2135
2216
2133
2117
2097
2071
2149
2268
2197
2020
2097
2160
2137
2068
2020
2053
2096
2020
2031
2170
2049
2027
2007
2068
2130
1981
1956
1954
1983
1957
1887
1804
1863
1932
2071
2162
2200
2085
2125
2111
2113
2135
2057
2116
2124
2076
2094
2089
1996
1933
2008
2022
2031
1996
2010
2008
1989
2137
2165
2074
2132
2216
2196
2229
2170
2020
2081
2042
2020
2049
2007
1965
2086
2088
2032
2035
2112
2116
2171
2145
2121
2153
2058
2121
2064
2078
2015
2008
1944
1832
1936
2079
2133
2106
2137
2184
2163
2261
2313
2045
2015
1997
2020
2109
2184
2080
2049
2087
2173
2149
1980
2033
1992
1989
2049
2013
2053
2103
2192
2129
2068
2033
2086
2054
2147
2171
2124
2089
1981
1997
2005
2102
2237
2100
2154
2066
1999
2002
2071
2060
1924
1877
2015
2049
2141
2113
2023
2076
2205
2073
1927
1989
2029
2072
2161
2165
2148
2147
2193
2052
2098
2033
2017
2044
2014
2087
2158
2000
2025
2097
2115
2052
1989
1917
1900
1938
1968
1994
1965
2063
2120
2140
2100
2064
2180
2140
2072
1993
2148
2207
2184
2224
2145
2022
2028
2189
2136
2177
2132
2043
1988
1956
2013
2117
1894
1959
2097
2143
2156
2222
2173
2248
2197
2135
2176
2135
2189
2079
1951
1973
2100
2097
1925
1972
1949
1817
1921
1998
2012
2122
2161
2292
2211
2109
2001
1910
2012
2092
2138
2192
2100
2092
2169
2143
1997
1940
1916
1924
2143
2153
2034
2039
2044
2164
2180
2189
2190
2143
2061
2003
2008
1936
2025
1989
1909
2038
2070
1983
2023
1975
2031
2064
2041
2079
2044
2036
2000
2034
1970
2149
2204
2176
2228
2245
2316
2127
2052
2028
2005
1966
1987
1993
2105
2060
1971
1959
2034
2060
2007
1981
2051
2056
2004
1960
2033
2182
2020
2145
2169
2258
2277
2320
2137
2198
2079
2025
1973
1973
1929
1990
1961
1808
1937
1972
2001
2089
2160
2181
2177
2143
2096
2085
2068
2100
2100
2073
2129
2094
1989
2008
2059
2170
2228
2121
2035
2018
1989
2005
1963
1954
2021
2068
2032
2075
2045
2001
2051
2183
2149
2097
2097
2064
1929
1899
1945
2013
1989
2069
2023
2015
2138
2106
2060
2103
2097
2097
2101
2104
2109
2108
2101
2213
2157
2157
2192
2185
2068
2010
1998
1990
1978
2059
2128
2057
2052
2169
2216
2118
2153
2152
2135
2153
2129
2120
2124
2113
2081
2115
2157
2126
2059
2056
2110
2065
2001
1945
1970
1983
1990
1911
1985
2042
2065
2108
2071
1993
1974
1964
1853
2001
2116
2111
2185
2142
2069
1987
1942
1961
1988
2124
2091
2152
2178
2133
2175
2135
2100
2084
2062
2151
2046
2053
2121
2202
2151
2269
2214
2207
2051
2034
1973
2025
2084
2156
2072
1915
1957
2043
2076
2156
2283
2289
2164
2069
2004
2061
2109
1969
1893
1911
1885
1972
1968
1976
1966
2077
2032
2073
2157
2127
2133
2069
2068
2045
2048
2118
2088
1974
2000
1991
1951
2067
2017
2077
2097
2008
2190
2191
2063
2105
2072
2092
2175
2113
2173
2288
2257
2291
2105
1951
1977
1951
2056
2101
2185
2109
2105
2081
2036
2060
1973
1925
1929
2073
2020
2105
2185
2132
2114
2088
2056
1992
1983
2033
2069
1974
2000
1980
2077
2101
2153
2063
1956
1904
1941
1996
2108
2213
2229
2260
2132
2157
2071
2174
2156
2207
2203
2193
2132
2109
2099
2076
2077
2074
2108
2069
2071
2047
2173
2118
2091
2059
1938
1892
1835
1868
1928
1969
2045
2038
2023
2019
1938
1973
1905
1951
2012
2034
2026
2015
2103
2082
2064
2128
2088
2012
2072
2061
1970
1999
1993
2032
2028
2024
2029
2068
1993
1891
2009
2136
2284
2304
2213
2258
2178
2139
2173
2269
2235
2207
2120
2104
1977
1811
1911
2080
2103
2126
2082
2156
2073
2018
1990
2124
1969
1982
2033
2007
2015
2007
2009
2056
2135
2101
2057
2120
2147
2257
2249
2119
2088
2041
2075
2124
2076
2009
2061
2077
2164
2185
2237
2169
2015
1927
1924
1901
2078
2253
2232
2037
2078
2023
2143
1962
1949
1982
2023
2121
2143
2061
1997
2017
2007
2066
2053
2009
2075
2096
2057
1969
2025
2037
2007
2185
2255
2169
2149
2177
2111
2085
2132
2146
2089
1977
2021
1983
2023
2059
2017
2177
2162
2064
2029
1994
1917
1887
1982
1982
2132
2079
2067
2207
2223
2173
2061
2009
2057
2045
2005
2088
2020
1973
1951
2154
1996
2037
2028
2062
2019
2034
2015
2128
2167
2141
2158
2168
2019
2077
2032
1993
2064
2012
2069
2103
2142
2046
2059
2138
2197
2164
2179
2002
2065
2052
2103
2143
2177
2143
2033
2060
2213
2173
2158
2109
2041
2068
2137
2180
2121
2153
2056
2025
1983
2012
2011
1950
2067
2168
2206
2107
1944
1996
2121
2192
2132
2050
1929
2001
2113
2064
2128
2097
1965
1993
2009
2020
2113
2105
2079
2097
2111
1997
1999
2045
2129
2098
2089
2000
2034
2146
2056
2064
2097
2125
2103
2086
2189
2192
2141
2116
2091
2000
2058
2061
2106
2023
1993
2026
2061
2020
2029
1989
1975
2089
2126
2124
2006
1898
1962
1893
1929
2085
2173
2259
2266
2136
2086
2105
2031
1934
1902
1972
1915
1911
1881
2049
2125
2077
2128
2045
2028
2124
2091
2159
2186
2058
2141
2164
2100
2061
2101
2037
2113
2143
2086
2109
2105
2070
1964
1820
1855
2009
2067
2080
2124
2066
2000
2089
2068
2053
2093
2021
2113
2249
2237
2212
2191
2057
2077
2153
2076
2049
1927
1913
1916
1996
2025
2080
2201
2108
2122
2057
2056
2088
2132
2065
2015
2128
2152
2061
1936
1883
2037
2088
2117
2049
2024
2129
2071
2120
2116
2143
1997
2065
2140
2080
2007
2019
2072
2011
1867
1878
2002
1932
2098
2224
2306
2282
2160
2116
2121
2107
2109
2159
2000
2015
2061
2130
2117
2177
2164
2083
2036
2038
2161
2167
1991
2083
2106
2103
2037
2044
1933
1957
2078
2152
2209
2188
2152
2147
2111
2113
2178
2108
2133
2092
2185
2196
2034
2111
2107
2033
1930
1973
2032
2028
2031
2036
2045
2113
2053
2043
2068
1980
2040
2000
2016
1997
1926
1949
2073
2156
2238
2073
1990
2136
2225
2190
2004
1949
1999
2040
2056
2153
2136
2051
2141
2082
2068
2124
2105
2239
2173
2227
2076
2042
1935
2026
2100
2053
2002
2021
2031
1981
1949
1902
1989
2043
2018
2047
1994
1917
2032
2155
2036
2101
2076
2125
2252
2233
2156
2125
2037
2020
2004
2005
2052
2032
2001
2120
2123
2004
2160
2205
2224
2229
2089
2042
1972
1843
1972
2005
2045
2033
1996
1988
2133
2196
2213
2199
2209
2059
2060
1997
1954
1951
1959
1964
2049
2023
2025
1995
2061
2092
2135
2078
2195
2165
2110
2134
2164
2245
2231
2194
2128
2117
2005
2029
2105
1994
2072
2120
2041
1947
1990
1996
2048
2075
1917
1992
1973
2110
2085
2052
2009
1990
2030
2030
2113
2125
2182
2181
1995
2053
2094
2167
2153
2040
2050
2067
2174
2150
2130
2093
2265
2141
2036
2012
2015
2001
2033
2022
2079
2019
2141
2021
2100
2048
2056
2125
2096
2173
2193
2099
2092
1991
1991
2073
2142
2200
2165
2177
2143
2081
2068
2090
2021
2004
2068
2084
2095
1987
2068
2052
2161
2142
2177
2050
1953
1903
1941
1953
2072
2133
2118
2185
2188
2086
2001
2021
2008
1961
2099
2077
2128
1749
2277
2217
2058
2064
1979
1791
1897
1949
2013
2085
2093
2044
2064
2075
2061
2101
2072
2084
2105
2004
2044
2059
2045
2133
2207
2112
2109
2100
2040
2107
2140
2093
2060
2066
2047
2121
2177
2150
2009
1973
1988
2071
2055
2020
2165
2087
1983
1989
1873
1997
2100
2143
2036
1997
2070
2096
1997
1955
1965
1997
2154
2226
2142
1980
2054
2001
2080
2040
1987
2100
2153
2154
2140
2264
2199
2218
2175
2171
2056
2133
2089
2079
2089
2074
2107
2088
2055
2030
1933
2061
1937
1985
2053
2224
2214
2180
1993
2060
2081
1969
2133
2181
2029
2075
2137
2041
2066
2000
2100
2095
2100
2029
2095
2040
2097
2155
2100
1935
2081
2059
2146
2194
2112
1927
1931
1864
2179
2234
2156
2128
2020
1972
2029
2059
2060
2018
2041
2162
2136
2074
2168
2072
2122
2133
2185
2232
2124
1975
1996
2015
1912
1936
1983
1928
1975
2088
2033
2140
2076
2071
2068
2114
2185
2205
1986
1965
1908
1913
2066
2076
2092
2122
2060
2092
2160
2153
2108
2117
2039
2013
2069
2100
1986
2105
2157
2108
1999
1940
1957
2125
2096
2136
2103
2060
2045
2053
1983
1940
1938
2015
2009
2052
2220
2212
2133
2105
2091
2053
2081
2125
2088
2079
2079
2093
2041
1973
1972
2012
1941
1964
2111
2057
2109
2257
2156
2107
2033
1909
1983
1998
2111
2185
2127
2105
2212
2192
2166
2119
2053
2029
2071
2053
2177
2172
2111
2073
2175
2142
2145
2233
2061
1976
2062
2054
2088
1998
2053
2017
1914
2000
1951
1951
1954
2101
2225
2201
2157
2178
2267
2173
2015
2004
2017
2004
1897
1903
1913
1959
2105
2178
2113
2181
2026
2000
1981
2152
2180
2101
2119
2129
2128
2153
1961
1959
2062
2036
2092
2087
2072
1948
1958
2101
2100
2030
1983
1991
2000
2013
2148
2136
2241
2184
2108
2121
2150
2087
2068
2036
2012
2079
2093
2124
2116
1956
2037
2134
2043
2020
1983
2004
2107
2087
2072
2165
2143
2110
2143
2179
2097
2128
2215
2188
2053
2066
2116
2114
2032
2042
2049
2137
2055
2020
1925
1881
1865
1921
2108
2134
2192
2245
2132
2125
2201
2122
1990
1932
1904
2004
2141
2040
2043
2073
1940
2004
2044
2086
2064
2041
2056
2152
2177
2247
2262
2147
2025
2061
2023
1991
2009
2026
2029
1943
1940
1949
1920
2065
2108
2041
1958
2025
2021
2065
2092
2101
2068
2060
2089
2084
2066
2161
2236
2164
2215
2213
2092
1940
1937
2013
1997
2046
2125
2077
1953
1954
2001
1945
2015
2187
2084
2125
2118
2088
2123
2129
2040
1965
2060
2066
2071
2173
2137
2181
2132
2097
1990
2043
2100
1980
1929
1955
2058
2028
1992
2012
1944
1915
1993
2065
2081
2069
2204
2184
2155
2199
2194
2096
2136
2068
2076
2132
2213
2216
2151
2054
2097
2113
2152
2092
2037
2041
2081
1937
1936
1999
2040
2053
2135
2011
2051
1993
1989
2082
2165
2075
2093
2101
1953
2010
1964
2049
2045
2112
2185
2224
2084
2056
2007
2061
2031
2011
1995
1991
2150
2132
2117
2061
2143
2295
2103
1983
2070
2069
2028
1982
1926
2026
2088
2032
2206
2184
2082
2178
2121
1982
2038
2007
2089
2098
2068
2021
2089
2053
2032
2025
2139
2101
2041
2034
2140
2012
2045
2049
2100
2107
2148
2187
2118
2123
2157
2094
2092
2038
2002
2036
1940
1956
2062
1983
2031
1990
2041
2096
2058
2032
2021
2129
2156
2049
2045
1966
2001
1936
2119
2134
2003
1971
2125
2157
2137
2154
2108
2018
2111
2166
2131
2197
2217
2098
1991
2043
2061
1998
2032
2052
1949
2027
2057
2108
2153
2141
2029
2121
2194
2180
2188
2215
2183
2022
1987
2057
2085
2114
2108
1996
1923
1974
1889
1875
1900
1971
2054
2084
2136
2082
2124
2039
2033
1983
1967
2021
2041
2064
2057
2072
2024
2084
2136
2002
2061
2061
2064
2104
2192
2101
2055
2073
2022
1949
2050
2156
2209
2143
2095
2148
2118
2160
2112
2025
2014
1961
2008
2048
2017
2060
2215
2250
2216
2108
2122
2024
2005
2011
2057
1977
1921
1851
1745
1865
2045
2092
2013
2012
2064
2079
2087
2138
2076
2065
1948
2134
2229
2192
2182
2181
2136
2172
2289
2249
2147
2041
1968
2046
2006
2148
2134
2161
2093
2055
2145
2237
2265
2233
2169
2214
2249
2158
2163
2117
2051
2117
2094
1978
2001
2013
2096
1965
2020
2140
2088
2071
2048
1845
1957
1887
1919
2004
2113
2102
2068
2044
2087
1968
1957
2138
2121
2165
2260
2252
2091
2100
2185
2207
2189
2073
1892
1997
2042
1991
2104
2089
2022
2005
2024
2041
2015
1961
2039
2062
2117
2097
2108
2089
2271
2211
2204
2066
2063
2093
2007
1917
2009
2009
2051
2166
2168
2177
2177
2116
2067
2079
2103
2085
2140
2177
1983
2120
2064
1996
1944
1921
1908
1957
2015
2133
2158
2041
2089
2135
2064
2069
2084
2059
2025
1963
1891
2052
2001
2073
2132
2115
2096
2221
2232
2133
2135
2228
2184
2056
1923
1911
1973
1961
1965
1931
1957
2073
2159
2140
2142
2041
2020
2068
2097
2077
2052
1961
1953
1887
1983
1999
2111
2107
2071
2050
2159
2061
2005
2046
2092
2079
2103
2110
2068
2079
2020
2037
2033
1957
2027
2112
2148
2091
2216
2159
2044
2012
2089
2140
2157
2131
2089
2096
2113
2124
2049
2053
2108
2133
2162
2052
2002
2107
2045
2037
2140
2067
2014
1980
2077
2006
1901
1831
2079
1908
1925
2172
2182
2105
2169
2132
2028
1969
2009
1957
2048
2076
1990
2052
2041
2117
2114
2169
2218
2121
2057
2053
2022
2049
2053
2037
2136
2219
2196
2141
2160
2194
2111
1972
1949
2034
2005
2008
2048
2109
2026
2041
2008
2130
2098
2148
2045
2149
2176
2108
2064
2049
2060
2124
2129
2160
2101
2010
1956
1865
1866
2007
2145
2120
2156
2210
2222
2129
2119
1981
1997
2007
2035
2176