2445
2523
2536
2461
2387
1998
2429
2417
2501
2367
2588
2132
2553
2598
2488
2454
2398
2047
2635
2645
2628
2363
2493
2317
2573
2434
2325
2362
2213
2105
2565
2516
2360
2373
2399
1965
2419
2248
2247
2244
2263
1991
2577
2595
2431
2253
2224
1957
2539
2410
2441
2470
2397
2097
2676
2406
2476
2437
2384
2077
2512
2542
2566
2591
2492
2265
2717
2458
2465
2458
2508
2077
2394
2367
2440
2481
2421
2137
2526
2431
2479
2577
2512
2133
2596
2517
2591
2472
2367
1992
2541
2522
2380
2421
2406
2113
2510
2470
2526
2437
2335
2156
2616
2551
2449
2436
2335
2012
2437
2458
2483
2494
2386
2431
2696
2706
2554
2418
2365
2119
2389
2429
2493
2391
2173
1902
2524
2442
2504
2487
2322
1959
2618
2640
2571
2507
2521
1969
2443
2399
2342
2261
2245
2060
2433
2250
2390
2235
2425
2073
2317
2391
2511
2561
2545
1936
2463
2412
2410
2452
2549
2236
2570
2483
2472
2402
2393
2096
2588
2533
2417
2252
2227
2061
2517
2547
2474
2267
2361
2022
2288
2379
2474
2552
2605
2206
2591
2550
2501
2409
2487
2168
2495
2434
2602
2516
2573
2101
2661
2610
2564
2577
2452
1934
2286
2298
2335
2427
2436
2251
2718
2455
2393
2342
2324
1818
2417
2284
2317
2409
2384
1887
2346
2353
2236
2230
2353
2148
2519
2667
2661
2710
2598
2017
2461
2467
2533
2431
2481
2155
2629
2383
2377
2284
2305
1782
2271
2320
2420
2313
2321
2002
2442
2519
2559
2487
2466
2190
2701
2558
2787
2668
2376
2043
2427
2216
2375
2463
2505
2053
2549
2318
2431
2495
2434
2021
2573
2559
2420
2423
2341
2076
2699
2443
2389
2540
2501
2092
2444
2379
2560
2532
2532
2078
2534
2432
2408
2370
2353
2046
2476
2387
2405
2465
2334
1876
2428
2277
2399
2487
2552
2062
2644
2458
2455
2489
2586
2122
2736
2578
2555
2431
2468
2018
2409
2445
2594
2456
2479
2077
2558
2311
2412
2462
2397
2132
2713
2419
2444
2319
2401
2148
2612
2535
2551
2566
2391
2046
2608
2457
2568
2492
2449
1913
2482
2506
2613
2463
2404
2112
2453
2312
2138
2461
2504
2089
2537
2456
2312
2222
2380
1832
2487
2303
2397
2352
2274
1959
2449
2413
2426
2301
2536
2037
2621
2459
2377
2441
2569
2168
2553
2416
2708
2628
2434
1951
2458
2302
2361
2420
2329
1849
2480
2387
2356
2353
2586
2097
2569
2418
2449
2357
2519
2047
2623
2486
2340
2345
2281
2015
2399
2423
2364
2328
2304
2045
2556
2493
2512
2444
2479
2093
2532
2467
2321
2201
2325
2096
2688
2462
2373
2343
2424
2172
2637
2539
2564
2302
2271
2029
2557
2410
2597
2382
2437
2106
2433
2429
2608
2580
2557
2171
2589
2322
2420
2321
2388
1994
2416
2416
2452
2325
2193
2005
2596
2326
2518
2482
2344
2241
2621
2359
2551
2687
2576
2258
2715
2473
2461
2461
2300
1972
2470
2307
2268
2249
2333
1957
2448
2325
2561
2435
2293
1948
2428
2336
2372
2172
2241
1970
2492
2210
2357
2369
2653
2450
2748
2480
2516
2330
2249
2069
2579
2535
2501
2588
2407
1964
2551
2387
2402
2444
2348
1949
2591
2560
2481
2479
2495
2005
2588
2432
2449
2497
2325
1909
2356
2448
2509
2389
2396
2048
2696
2666
2660
2596
2596
2184
2385
2270
2495
2449
2502
2117
2628
2455
2559
2574
2419
1879
2337
2306
2332
2461
2476
2162
2566
2481
2415
2417
2281
1780
2412
2451
2476
2578
2622
2151
2512
2458
2337
2328
2264
2012
2557
2450
2508
2501
2340
1986
2230
2190
2397
2453
2345
2029
2622
2434
2357
2306
2382
1879
2553
2427
2495
2621
2581
2087
2597
2571
2440
2422
2505
2105
2473
2379
2449
2505
2460
2082
2632
2475
2503
2532
2460
2129
2543
2594
2512
2494
2481
1951
2461
2413
2376
2270
2266
2064
2573
2330
2411
2591
2577
2209
2671
2531
2477
2562
2527
2136
2698
2426
2436
2349
2271
1929
2653
2529
2463
2281
2429
1974
2468
2429
2461
2372
2207
1983
2534
2370
2561
2407
2213
2029
2484
2430
2431
2178
2468
2086
2494
2501
2433
2436
2518
2143
2533
2438
2377
2239
2300
2013
2574
2235
2260
2360
2356
2140
2581
2417
2454
2409
2441
2014
2532
2502
2480
2412
2566
2128
2511
2586
2633
2564
2488
1889
2384
2423
2580
2582
2530
2141
2714
2504
2386
2253
2246
1916
2621
2702
2649
2561
2494
2092
2377
2341
2516
2382
2376
1945
2452
2360
2431
2378
2630
2188
2597
2355
2355
2478
2436
2036
2484
2393
2524
2356
2573
2117
2480
2430
2484
2428
2269
1954
2540
2454
2568
2500
2546
2170
2580
2409
2510
2476
2300
1847
2357
2343
2318
2271
2325
1964
2628
2639
2591
2361
2401
2140
2629
2464
2370
2323
2405
2031
2588
2501
2373
2337
2404
2097
2636
2415
2509
2407
2475
2113
2612
2379
2301
2186
2210
1912
2425
2306
2389
2468
2382
2009
2685
2516
2536
2519
2537
2212
2618
2344
2558
2551
2458
2105
2695
2529
2396
2329
2328
2079
2644
2488
2334
2381
2338
2026
2621
2503
2552
2374
2305
1968
2524
2296
2407
2451
2374
1992
2692
2608
2629
2678
2673
2285
2749
2430
2372
2312
2438
2061
2668
2484
2533
2341
2302
1964
2510
2342
2377
2324
2308
1905
2472
2467
2527
2417
2415
2108
2592
2458
2441
2312
2269
1979
2529
2376
2379
2465
2416
1995
2396
2489
2321
2452
2380
1973
2505
2477
2354
2580
2526
2024
2609
2563
2548
2455
2381
1960
2460
2480
2589
2437
2524
2109
2600
2386
2356
2372
2500
2006
2484
2526
2628
2479
2449
2061
2605
2638
2632
2524
2440
2025
2558
2449
2413
2197
2164
1780
2442
2279
2488
2525
2506
2096
2521
2573
2350
2320
2328
1988
2599
2406
2488
2495
2493
2169
2513
2274
2335
2396
2424
1988
2595
2507
2509
2345
2388
2009
2647
2479
2356
2391
2353
1974
2597
2355
2483
2429
2537
2088
2741
2753
2716
2489
2302
1839
2438
2151
2295
2384
2367
2054
2585
2501
2568
2511
2622
2160
2630
2533
2377
2621
2468
1951
2502
2390
2514
2461
2305
1819
2425
2371
2379
2321
2296
1965
2450
2383
2397
2613
2588
2157
2591
2363
2463
2480
2551
2120
2670
2672
2625
2463
2472
1803
2498
2340
2484
2495
2571
2022
2418
2403
2550
2435
2405
1996
2500
2419
2506
2416
2560
2162
2690
2539
2477
2443
2413
2036
2565
2576
2463
2481
2396
1903
2588
2498
2428
2284
2356
1855
2660
2501
2614
2352
2402
2008
2585
2498
2428
2330
2261
1764
2391
2389
2489
2551
2447
1941
2517
2459
2471
2338
2410
2084
2661
2395
2328
2392
2317
2162
2551
2346
2387
2238
2127
1883
2596
2355
2395
2376
2527
1965
2594
2448
2437
2460
2453
2164
2628
2447
2485
2386
2478
2036
2615
2438
2446
2393
2416
1892
2516
2354
2345
2232
2249
1916
2429
2390
2548
2518
2347
1903
2481
2390
2513
2481
2347
2062
2756
2504
2340
2429
2377
1803
2367
2368
2423
2382
2344
1884
2338
2469
2652
2482
2441
1999
2545
2352
2453
2597
2425
1931
2652
2647
2678
2504
2345
1948
2593
2661
2681
2415
2236
1754
2452
2539
2600
2457
2377
1996
2649
2423
2405
2411
2381
1982
2527
2443
2545
2438
2320
1815
2409
2219
2341
2364
2425
1902
2508
2429
2444
2473
2538
2035
2565
2478
2525
2445
2525
1995
2465
2559
2441
2372
2437
2108
2628
2550
2409
2454
2448
1985
2592
2464
2458
2430
2388
1909
2655
2464
2470
2429
2412
2084
2604
2439
2385
2441
2564
2089
2596
2544
2468
2348
2431
2045
2616
2432
2390
2474
2468
1985
2610
2430
2423
2455
2434
2015
2525
2491
2481
2385
2296
1921
2555
2370
2425
2463
2307
2028
2565
2567
2374
2635
2497
2052
2495
2438
2579
2483
2511
2015
2517
2377
2521
2440
2444
1903
2428
2252
2293
2311
2484
2119
2768
2729
2455
2380
2280
1919
2416
2331
2484
2655
2430
2057
2644
2453
2494
2586
2384
2122
2656
2491
2509
2532
2518
2202
2577
2520
2416
2263
2257
1616
2484
2464
2570
2463
2469
2025
2625
2481
2575
2493
2254
1744
2408
2224
2333
2311
2305
1921
2463
2313
2433
2407
2421
1996
2585
2448
2461
2508
2427
2165
2685
2241
2261
2459
2306
1877
2559
2662
2567
2477
2420
2105
2664
2475
2425
2582
2416
1882
2545
2442
2365
2281
2305
1885
2488
2534
2526
2543
2512
2024
2561
2446
2229
2420
2476
2042
2573
2596
2460
2488
2484
1983
2687
2350
2373
2424
2349
1872
2581
2448
2532
2407
2345
1998
2525
2504
2585
2421
2396
1815
2401
2451
2648
2385
2271
1882
2503
2444
2560
2529
2463
2056
2655
2563
2470
2539
2540
2073
2549
2439
2384
2287
2353
1761
2394
2203
2353
2337
2372
1945
2560
2626
2631
2706
2588
1977
2693
2615
2455
2391
2357
1880
2414
2327
2332
2443
2570
2137
2548
2421
2437
2705
2672
2077
2605
2443
2441
2495
2478
1993
2562
2443
2537
2525
2472
1998
2600
2395
2428
2274
2316
1943
2483
2349
2424
2468
2597
2179
2733
2422
2302
2333
2434
1817
2478
2488
2621
2637
2441
1829
2517
2525
2254
2359
2335
1813
2509
2311
2511
2445
2292
1938
2594
2471
2525
2551
2456
2052
2620
2263
2349
2321
2420
2170
2684
2496
2492
2419
2363
2071
2567
2379
2558
2477
2364
1913
2557
2565
2468
2281
2463
1884
2501
2421
2620
2484
2488
2045
2560
2389
2337
2236
2233
1845
2512
2501
2551
2517
2465
2013
2452
2413
2625
2536
2417
2067
2572
2501
2712
2503
2495
1937
2577
2451
2544
2549
2477
1881
2458
2372
2463
2364
2279
1723
2431
2352
2517
2502
2441
2037
2591
2398
2413
2481
2352
1887
2513
2579
2442
2449
2334
1731
2387
2387
2350
2345
2408
2048
2541
2471
2371
2420
2510
1962
2599
2572
2297
2289
2476
1925
2552
2490
2615
2564
2407
1997
2534
2565
2603
2399
2449
1884
2405
2432
2520
2736
2494
2023
2456
2467
2375
2435
2481
2017
2585
2502
2365
2409
2462
2033
2404
2370
2572
2572
2423
2013
2564
2274
2183
2390
2409
1941
2374
2485
2431
2495
2441
2123
2597
2530
2449
2282
2198
1872
2565
2352
2460
2548
2463
1912
2489
2431
2374
2329
2409
1890
2426
2391
2380
2357
2493
1941
2485
2435
2503
2388
2301
1920
2701
2642
2449
2379
2365
1993
2583
2397
2463
2455
2565
1991
2533
2482
2565
2524
2331
1887
2588
2574
2418
2320
2277
2060
2728
2362
2358
2423
2351
1855
2591
2593
2537
2513
2487
2062
2722
2636
2393
2480
2527
2031
2629
2523
2495
2407
2364
1990
2713
2474
2413
2478
2544
2108
2773
2609
2501
2477
2325
1780
2456
2401
2399
2396
2412
2062
2633
2449
2401
2412
2551
1940
2613
2427
2428
2380
2412
1991
2461
2250
2303
2286
2373
1865
2564
2454
2413
2313
2256
1913
2599
2317
2561
2501
2313
1954
2679
2450
2397
2480
2415
1896
2606
2563
2489
2387
2308
1971
2703
2542
2466
2555
2629
2012
2623
2456
2393
2313
2429
1897
2713
2432
2298
2465
2391
2052
2617
2455
2454
2501
2408
1926
2521
2360
2468
2488
2421
2015
2696
2503
2436
2412
2534
1997
2486
2443
2470
2462
2314
1989
2595
2576
2399
2477
2437
1954
2482
2427
2521
2359
2281
2039
2577
2523
2597
2416
2277
1841
2545
2464
2516
2284
2405
1995
2573
2394
2486
2399
2441
1761
2350
2392
2484
2259
2429
1813
2544
2394
2380
2416
2448
1909
2543
2432
2533
2532
2546
2015
2613
2394
2492
2381
2356
2020
2591
2517
2381
2447
2585
1924
2549
2491
2385
2308
2516
2117
2683
2668
2621
2549
2456
1913
2556
2369
2416
2424
2348
2032
2657
2459
2542
2548
2451
1938
2548
2501
2425
2375
2277
1941
2588
2457
2440
2369
2495
2013
2676
2528
2598
2354
2431
1837
2548
2505
2441
2573
2419
1804
2485
2291
2671
2605
2473
1941
2605
2461
2576
2362
2333
2146
2709
2571
2516
2365
2176
1846
2413
2327
2300
2348
2458
2086
2613
2409
2356
2343
2463
1945
2578
2544
2588
2623
2484
2036
2658
2427
2429
2591
2413
1838
2505
2272
2363
2373
2372
1867
2473
2429
2460
2360
2268
1844
2413
2320
2369
2289
2437
2130
2576
2411
2462
2520
2430
2136
2673
2433
2508
2384
2359
1925
2593
2515
2635
2485
2530
2081
2517
2445
2367
2415
2490
1977
2460
2350
2377
2397
2431
1956
2660
2447
2399
2364
2545
2101
2696
2526
2388
2466
2410
2108
2681
2539
2423
2440
2410
2002
2467
2499
2372
2471
2262
2029
2621
2401
2432
2357
2396
1943
2549
2535
2589
2491
2593
2117
2664
2602
2549
2414
2252
1673
2340
2414
2310
2453
2437
1878
2473
2510
2549
2439
2431
1992
2522
2433
2446
2309
2246
2055
2729
2624
2477
2353
2363
2052
2593
2531
2441
2400
2407
2220
2620
2348
2466
2572
2393
1981
2637
2491
2403
2343
2439
1844
2526
2579
2495
2437
2327
1736
2589
2541
2396
2396
2270
1663
2333
2315
2232
2343
2413
2055
2609
2339
2352
2490
2333
1886
2476
2359
2310
2253
2271
2009
2673
2674
2472
2309
2521
1988
2669
2499
2538
2503
2497
1978
2604
2506
2396
2549
2493
1968
2550
2705
2596
2485
2484
1943
2445
2334
2335
2452
2370
1730
2495
2458
2481
2412
2284
1814
2524
2551
2540
2522
2452
2005
2609
2467
2495
2258
2430
1916
2458
2467
2570
2338
2312
1833
2544
2459
2399
2260
2208
1842
2437
2283
2469
2527
2750
2119
2663
2389
2413
2298
2224
1833
2517
2442
2522
2600
2509
2015
2665
2563
2648
2593
2521
1912
2685
2586
2547
2405
2410
1975
2564
2400
2499
2489
2467
2091
2677
2411
2417
2339
2407
2102
2622
2379
2508
2529
2324
1971
2526
2427
2234
2296
2296
1840
2511
2384
2521
2504
2481
1895
2486
2523
2436
2384
2177
1719
2521
2475
2472
2641
2509
1908
2550
2574
2577
2380
2335
1941
2753
2651
2463
2380
2479
1925
2504
2339
2362
2405
2359
1961
2770
2592
2404
2518
2510
1933
2513
2459
2356
2380
2493
2024
2719
2502
2577
2381
2379
1784
2399
2414
2412
2362
2372
1942
2551
2511
2429
2402
2428
1997
2551
2547
2485
2412
2274
1821
2513
2550
2474
2345
2475
2042
2676
2603
2460
2390
2365
2061
2768
2514
2396
2399
2317
1813
2476
2523
2361
2426
2453
1829
2513
2354
2440
2446
2468
2109
2564
2536
2516
2513
2457
2033
2738
2511
2493
2333
2357
1840
2526
2309
2375
2356
2372
1737
2544
2633
2505
2428
2512
2017
2637
2551
2564
2429
2516
1921
2565
2576
2675
2590
2505
1967
2676
2471
2551
2416
2376
1958
2516
2409
2321
2308
2239
1935
2693
2441
2382
2445
2411
2007
2608
2486
2441
2474
2364
1956
2565
2412
2472
2554
2477
1831
2376
2363
2552
2525
2304
1819
2569
2486
2553
2465
2404
1975
2600
2528
2505
2428
2223
1968
2600
2423
2378
2455
2380
1725
2396
2483
2366
2293
2402
2005
2604
2547
2545
2597
2572
2091
2701
2537
2585
2557
2382
1853
2480
2398
2475
2785
2688
2034
2551
2432
2353
2292
2365
1906
2449
2456
2469
2504
2522
2129
2726
2477
2497
2457
2413
1932
2596
2449
2406
2261
2313
1858
2489
2423
2495
2540
2376
1867
2469
2462
2585
2533
2634
2071
2565
2526
2556
2508
2620
2128
2698
2533
2541
2397
2261
1844
2365
2430
2351
2518
2461
1884
2540
2435
2409
2414
2369
2008
2550
2490
2460
2566
2553
2218
2641
2674
2468
2518
2480
1894
2520
2305
2422
2322
2221
1956
2434
2470
2380
2380
2473
1832
2359
2380
2360
2525
2488
2023
2551
2422
2477
2596
2545
2092
2646
2465
2386
2437
2289
1799
2584
2423
2485
2499
2453
1978
2503
2301
2274
2277
2353
1930
2554
2584
2504
2477
2600
2293
2647
2511
2453
2497
2361
1845
2381
2305
2369
2431
2544
2114
2700
2473
2427
2412
2213
1927
2480
2542
2572
2530
2421
1997
2582
2427
2470
2435
2392
1993
2553
2592
2555
2565
2420
1893
2580
2597
2641
2513
2330
1974
2277
2093
2189
2294
2415
2057
2645
2426
2357
2525
2452
2036
2606
2616
2609
2519
2438
1860
2410
2395
2487
2461
2396
1841
2521
2312
2212
2256
2408
1947
2578
2554
2537
2576
2461
1983
2548
2413
2437
2281
2317
1983
2675
2477
2422
2573
2504
1986
2526
2295
2330
2373
2506
2067
2625
2579
2483
2470
2481
2024
2463
2387
2480
2380
2474
2015
2537
2456
2535
2573
2463
2026
2638
2543
2527
2337
2344
1796
2277
2256
2358
2316
2313
2117
2625
2431
2371
2416
2343
1886
2527
2442
2526
2521
2393
1857
2409
2441
2478
2469
2460
2047
2633
2531
2388
2317
2325
1946
2458
2386
2441
2538
2440
2138
2741
2492
2444
2557
2613
2129
2712
2483
2656
2376
2369
2097
2713
2548
2616
2546
2481
1908
2419
2336
2365
2335
2338
2097
2541
2551
2526
2367
2362
1870
2547
2490
2410
2572
2520
2055
2773
2379
2431
2410
2314
1962
2482
2256
2337
2314
2372
1947
2354
2347
2375
2324
2298
1901
2316
2199
2393
2481
2295
1871
2546
2519
2633
2562
2493
2061
2655
2407
2399
2396
2557
1973
2587
2594
2492
2396
2308
1911
2476
2474
2459
2370
2513
2117
2847
2625
2537
2482
2487
2073
2524
2439
2425
2345
2284
1921
2437
2345
2417
2532
2552
1935
2640
2363
2441
2424
2500
2010
2470
2501
2441
2442
2478
1867
2572
2523
2476
2320
2167
1926
2423
2422
2321
2283
2385
1963
2632
2576
2535
2409
2399
1999
2594
2520
2428
2393
2375
1968
2413
2361
2516
2683
2654
2037
2352
2385
2519
2392
2393
2071
2483
2419
2608
2347
2445
2111
2589
2353
2262
2380
2420
2011
2553
2467
2343
2332
2313
2060
2653
2515
2629
2301
2281
1864
2622
2451
2488
2485
2604
2170
2597
2451
2686
2481
2361
1950
2508
2512
2367
2534
2525
2036
2505
2458
2377
2407
2343
1949
2567
2442
2382
2523
2452
2019
2565
2454
2292
2377
2413
1783
2397
2449
2518
2489
2353
1967
2437
2401
2564
2416
2411
1997
2597
2547
2484
2450
2453
2127
2615
2438
2397
2433
2491
2153
2628
2569
2444
2417
2559
2131
2583
2369
2379
2372
2501
2005
2536
2422
2504
2629
2495
2064
2490
2418
2424
2471
2540
2173
2661
2383
2509
2629
2521
2029
2697
2475
2382
2225
2332
2069
2511
2418
2455
2541
2371
1852
2357
2502
2445
2378
2402
1983
2502
2544
2468
2446
2470
2005
2640
2496
2477
2398
2365
1927
2514
2498
2485
2367
2335
2064
2583
2566
2644
2605
2607
2133
2544
2398
2266
2264
2425
1877
2573
2334
2327
2277
2248
1876
2378
2301
2261
2256
2273
1997
2548
2485
2555
2581
2413
1978
2616
2515
2494
2565
2617
2249
2578
2509
2508
2431
2486
2202
2596
2310
2386
2312
2151
1881
2533
2445
2529
2560
2489
2088
2503
2352
2288
2525
2354
2093
2597
2590
2492
2509
2584
1977
2586
2599
2476
2589
2404
2100
2557
2371
2292
2397
2377
1925
2596
2571
2466
2459
2253
1885
2352
2426
2526
2556
2485
2118
2512
2486
2404
2495
2481
2033
2473
2403
2275
2297
2393
1959
2351
2434
2399
2352
2573
2166
2748
2595
2591
2673
2545
2074
2527
2442
2430
2417
2411
2109
2567
2645
2382
2532
2364
2055
2517
2283
2353
2388
2421
1992
2316
2320
2354
2423
2415
2054
2483
2339
2449
2525
2486
2028
2506
2597
2347
2310
2325
2073
2463
2479
2505
2493
2493
2072
2447
2451
2508
2500
2512
2129
2474
2414
2452
2619
2525
2105
2431
2365
2232
2455
2551
2040
2588
2578
2564
2504
2309
1893
2316
2277
2410
2477
2503
1997
2388
2344
2370
2456
2576
2188
2548
2506
2469
2471
2412
2032
2465
2325
2321
2393
2312
2116
2609
2450
2577
2437
2412
2064
2596
2558
2679
2532
2375
1942
2532
2533
2527
2664
2405
1976
2560
2501
2472
2263
2333
2154
2666
2479
2488
2493
2437
2057
2750
2602
2512
2510
2495
2097
2525
2315
2265
2281
2237
2037
2588
2431
2389
2381
2270
2090
2416
2390
2424
2360
2390
1983
2497
2530
2490
2439
2375
2121
2476
2385
2329
2425
2332
2219
2633
2539
2503
2488
2519
1993
2534
2517
2548
2590
2398
1917
2349
2454
2329
2445
2436
2182
2557
2497
2535
2442
2409
2046
2527
2458
2430
2565
2503
2146
2673
2480
2436
2420
2516
2140
2596
2448
2305
2356
2360
2167
2495
2406
2367
2233
2179
1967
2290
2339
2426
2437
2533
2025
2561
2350
2433
2439
2451
2102
2530
2576
2473
2442
2367
2009
2558
2622
2671
2524
2456
2117
2318
2505
2476
2376
2233
2060
2654
2485
2463
2487
2510
2233
2703
2530
2532
2388
2399
2087
2486
2400
2398
2411
2335
2014
2260
2309
2385
2372
2237
1897
2589
2406
2404
2375
2312
2064
2523
2592
2543
2481
2617
2236
2522
2352
2392
2632
2491
2037
2521
2542
2628
2428
2535
2141
2501
2343
2529
2481
2577
2186
2565
2494
2377
2478
2384
2006
2650
2539
2399
2405
2236
1913
2537
2387
2452
2317
2502
2181
2476
2354
2508
2501
2302
2154
2561
2626
2600
2300
2398
2105
2482
2433
2478
2445
2469
2062
2414
2406
2612
2537
2356
1949
2427
2347
2418
2340
2445
2180
2621
2368
2372
2365
2455
2117
2560
2481
2511
2308
2320
2009
2436
2343
2433
2597
2552
2204
2666
2560
2404
2358
2221
1967
2476
2445
2332
2479
2453
2029
2638
2379
2330
2273
2399
2145
2477
2293
2224
2429
2520
2124
2645
2555
2286
2399
2458
2202
2466
2478
2607
2396
2404
1991
2607
2532
2461
2525
2460
2044
2527
2440
2484
2417
2423
2015
2463
2456
2515
2265
2205
1940
2405
2350
2289
2388
2426
2038
2704
2569
2521
2529
2576
2165
2650
2514
2394
2334
2377
2021
2541
2539
2493
2480
2433
2088
2585
2521
2490
2423
2367
2121
2507
2551
2382
2300
2344
2049
2500
2509
2594
2602
2585
2232
2485
2285
2436
2358
2420
1971
2521
2453
2283
2343
2437
2211
2612
2497
2370
2294
2409
2022
2423
2402
2493
2442
2521
2152
2664
2751
2580
2570
2597
2156
2660
2351
2305
2304
2417
2031
2548
2569
2684
2539
2512
2074
2480
2293
2304
2473
2350
2021
2405
2490
2547
2445
2498
2057
2557
2387
2310
2388
2251
1959
2623
2370
2207
2282
2344
2236
2644
2413
2386
2596
2493
2209
2611
2658
2548
2492
2369
1997
2462
2337
2328
2541
2549
2114
2618
2440
2537
2364
2237
1932
2521
2401
2460
2225
2277
2097
2482
2419
2377
2446
2409
2005
2613
2528
2562
2421
2341
2099
2618
2459
2508
2533
2397
2088
2534
2472
2445
2469
2441
2271
2590
2443
2345
2466
2410
2150
2557
2467
2443
2283
2212
1883
2255
2263
2388
2397
2458
2013
2493
2414
2474
2440
2449
2082
2552
2555
2484
2335
2257
2068
2513
2450
2324
2447
2468
2025
2475
2352
2447
2420
2410
2029
2584
2464
2473
2451
2516
2136
2469
2367
2473
2450
2285
2081
2522
2694
2562
2457
2461
2111
2508
2432
2577
2487
2317
1992
2477
2420
2404
2418
2472
2239
2485
2285
2422
2310
2316
2000
2444
2450
2305
2417
2399
1979
2434
2434
2393
2463
2525
2102
2415
2506
2616
2604
2556
2063
2459
2343
2369
2338
2533
2169
2675
2371
2415
2388
2362
2111
2469
2472
2540
2430
2538
2205
2451
2427
2519
2367
2292
2060
2472
2403
2561
2489
2471
1950
2485
2347
2421
2434
2385
2212
2521
2449
2433
2277
2301
2218
2565
2435
2447
2492
2606
2188
2527
2391
2479
2369
2508
2252
2501
2417
2465
2380
2491
2206
2641
2519
2519
2280
2334
1982
2422
2523
2617
2448
2500
2248
2483
2344
2409
2228
2416
2102
2489
2470
2281
2313
2387
2012
2445
2450
2540
2455
2351
2140
2421
2489
2542
2556
2621
2444
2625
2546
2467
2329
2319
2098
2509
2421
2495
2484
2335
2163
2428
2234
2367
2425
2500
2215
2377
2369
2463
2533
2583
2250
2585
2474
2612
2438
2489
2185
2378
2401
2384
2323
2439
2177
2503
2322
2291
2231
2323
2091
2438
2384
2396
2631
2577
2325
2516
2374
2325
2293
2341
1967
2438
2315
2498
2391
2360
2227
2617
2618
2631
2433
2277
2039
2500
2651
2608
2454
2453
2309
2413
2352
2301
2530
2454
2158
2599
2506
2492
2288
2378
2127
2477
2279
2310
2375
2500
2172
2388
2343
2508
2638
2485
2207
2433
2298
2273
2494
2497
2169
2509
2536
2344
2478
2495
2145
2529
2453
2539
2455
2501
2217
2491
2139
2458
2431
2266
2055
2481
2499
2373
2382
2441
2225
2504
2418
2456
2321
2389
2015
2423
2195
2389
2375
2463
2040
2479
2522
2558
2542
2521
2183
2614
2599
2591
2399
2216
1924
2527
2567
2440
2560
2495
2222
2572
2475
2591
2561
2411
2195
2414
2477
2386
2321
2469
2256
2444
2491
2489
2543
2429
2104
2584
2595
2501
2500
2500
2348
2575
2505
2529
2399
2197
2032
2445
2458
2605
2508
2365
2010
2373
2509
2269
2223
2273
2105
2465
2336
2479
2367
2348
2058
2435
2379
2384
2413
2358
2001
2420
2435
2437
2464
2447
2091
2439
2487
2387
2501
2382
2164
2480
2467
2428
2426
2381
1987
2512
2609
2576
2484
2408
2100
2572
2580
2555
2553
2647
2084
2567
2427
2476
2570
2425
2088
2284
2422
2445
2380
2540
2264
2585
2413
2437
2408
2284
1956
2403
2426
2546
2582
2545
2143
2541
2347
2488
2527
2551
2212
2729
2404
2292
2237
2309
2141
2519
2518
2469
2458
2357
1924
2369
2510
2519
2334
2533
2205
2477
2389
2472
2484
2288
2038
2392
2450
2400
2341
2340
2233
2529
2475
2420
2274
2357
2014
2355
2311
2439
2342
2530
2116
2517
2595
2647
2451
2552
2113
2468
2443
2431
2561
2571
2245
2481
2367
2308
2361
2316
2010
2340
2622
2551
2453
2429
2300
2616
2530
2501
2485
2351
2181
2557
2516
2522
2389
2398
2257
2335
2266
2407
2465
2594
2147
2458
2426
2313
2257
2266
2149
2529
2528
2623
2491
2362
1926
2366
2387
2353
2354
2298
2018
2608
2579
2560
2429
2448
2056
2330
2403
2532
2450
2421
2244
2514
2419
2524
2493
2448
2106
2421
2491
2645
2430
2541
2342
2468
2298
2407
2421
2287
2148
2454
2531
2526
2535
2431
2145
2450
2424
2588
2581
2522
1997
2380
2392
2493
2380
2409
2077
2237
2471
2498
2527
2480
2156
2542
2551
2416
2361
2305
2021
2377
2505
2367
2380
2340
2044
2463
2455
2503
2374
2413
2015
2317
2439
2532
2649
2541
2169
2472
2454
2391
2535
2573
2191
2468
2454
2468
2545
2346
2080
2302
2426
2485
2492
2431
2181
2493
2449
2329
2500
2462
2089
2317
2330
2344
2586
2404
2104
2341
2519
2507
2421
2555
2217
2493
2416
2553
2353
2470
2207
2444
2423
2340
2390
2478
2153
2637
2634
2431
2561
2384
2096
2580
2539
2434
2417
2444
2085
2425
2344
2461
2495
2507
2164
2644
2487
2557
2484
2420
1947
2435
2512
2553
2321
2417
2054
2463
2447
2540
2436
2545
2185
2493
2407
2417
2260
2440
2132
2308
2442
2525
2489
2338
2138
2513
2608
2494
2378
2481
2197
2399
2305
2236
2319
2309
2113
2491
2439
2463
2634
2545
2311
2405
2359
2335
2513
2511
2304
2660
2654
2621
2344
2396
2128
2516
2354
2309
2181
2229
2167
2677
2567
2549
2438
2364
2099
2293
2462
2600
2565
2433
2213
2455
2517
2512
2325
2396
2043
2405
2475
2491
2500
2367
1993
2256
2352
2369
2338
2481
2350
2554
2483
2508
2359
2413
2005
2313
2375
2369
2409
2407
2101
2541
2619
2581
2537
2373
2053
2487
2450
2477
2377
2416
2133
2481
2491
2583
2529
2514
2054
2231
2448
2359
2517
2445
2186
2470
2503
2602
2716
2571
2227
2489
2501
2373
2461
2481
2258
2453
2359
2354
2460
2555
2180
2416
2384
2499
2276
2451
2224
2460
2340
2335
2320
2345
1902
2335
2395
2505
2591
2367
1986
2396
2460
2431
2274
2289
1910
2385
2322
2421
2433
2404
2192
2484
2419
2523
2455
2495
2153
2468
2481
2377
2440
2393
2165
2532
2454
2505
2591
2552
2109
2324
2392
2284
2485
2463
2288
2437
2458
2359
2463
2380
2085
2443
2445
2418
2468
2460
2193
2457
2290
2377
2440
2389
2129
2399
2515
2622
2642
2540
2265
2550
2417
2512
2660
2569
2193
2478
2467
2487
2545
2541
2123
2176
2161
2241
2353
2328
2128
2468
2503
2474
2544
2329
2132
2449
2454
2445
2377
2445
2117
2438
2405
2463
2452
2385
2154
2549
2574
2479
2580
2569
2213
2493
2523
2473
2260
2293
2052
2312
2267
2276
2154
2264
2141
2364
2440
2471
2457
2493
2296
2503
2487
2677
2743
2454
2206
2552
2640
2569
2513
2540
2069
2373
2386
2447
2373
2417
2205
2420
2330
2536
2385
2421
2108
2478
2450
2393
2436
2565
2197
2344
2368
2392
2404
2284
1858
2229
2255
2332
2426
2500
2084
2319
2521
2540
2567
2530
2148
2337
2340
2433
2545
2584
2234
2455
2575
2461
2450
2379
1961
2309
2488
2488
2463
2519
2142
2510
2522
2388
2397
2330
2154
2367
2333
2322
2417
2512
2304
2456
2650
2458
2288
2495
2281
2609
2471
2501
2337
2560
2111
2478
2496
2421
2455
2561
2293
2457
2422
2482
2455
2244
2069
2441
2592
2588
2622
2519
2220
2518
2587
2492
2624
2405
2001
2249
2296
2366
2270
2423
2089
2335
2507
2457
2392
2500
2031
2373
2615
2687
2666
2429
2094
2270
2449
2532
2508
2405
2014
2271
2528
2552
2455
2545
2084
2418
2535
2608
2560
2506
2071
2533
2558
2625
2509
2270
2092
2553
2407
2321
2384
2265
2106
2375
2507
2516
2448
2442
2041
2180
2225
2309
2381
2582
2181
2485
2398
2428
2609
2495
1985
2253
2377
2426
2289
2150
1765
2244
2415
2395
2353
2376
2100
2551
2595
2585
2583
2540
2023
2391
2706
2715
2684
2665
2367
2647
2559
2444
2373
2461
1938
2260
2256
2170
2380
2325
2241
2405
2278
2338
2346
2482
2223
2298
2339
2405
2329
2286
1980
2366
2393
2506
2504
2526
2317
2586
2378
2516
2548
2590
2161
2439
2385
2266
2250
2481
2278
2545
2699
2408
2346
2321
2071
2510
2499
2548
2568
2520
2237
2364
2347
2395
2364
2317
2190
2554
2568
2559
2537
2533
2103
2423
2592
2537
2444
2502
2297
2585
2545
2415
2389
2391
1908
2335
2450
2568
2443
2344
2087
2378
2402
2403
2404
2407
2049
2326
2678
2736
2517
2357
2213
2535
2506
2529
2470
2393
2069
2340
2467
2532
2623
2500
2132
2495
2598
2527
2362
2652
2252
2518
2395
2488
2438
2558
2156
2329
2400
2379
2521
2495
2252
2493
2443
2436
2372
2342
1977
2413
2581
2463
2255
2364
2219
2548
2461
2320
2175
2215
1964
2213
2309
2312
2346
2461
2264
2463
2610
2495
2505
2540
2361
2503
2534
2565
2329
2281
2048
2519
2495
2418
2466
2409
2055
2341
2384
2160
2392
2373
2101
2391
2451
2470
2373
2399
2100
2465
2560
2572
2444
2389
2180
2463
2346
2544
2369
2365
2157
2471
2477
2397
2391
2425
2222
2509
2441
2445
2517
2401
1958
2407
2481
2449
2469
2359
2103
2460
2467
2516
2381
2391
2207
2481
2448
2325
2412
2417
2214
2361
2499
2662
2438
2275
2014
2353
2534
2566
2505
2444
2179
2444
2367
2482
2413
2304
1933
2182
2375
2518
2580
2362
2133
2448
2334
2386
2357
2340
2101
2463
2477
2517
2513
2525
2076
2385
2487
2618
2689
2570
2231
2363
2530
2605
2601
2640
2177
2541
2466
2473
2455
2485
2201
2716
2575
2534
2453
2243
2093
2375
2470
2494
2356
2244
2110
2495
2531
2525
2364
2409
2103
2445
2400
2481
2443
2371
2039
2359
2497
2771
2583
2437
2045
2349
2422
2433
2477
2458
2164
2328
2303
2335
2237
2297
1889
2193
2398
2339
2333
2305
2120
2512
2524
2419
2317
2231
2196
2332
2304
2426
2397
2421
2305
2484
2379
2480
2477
2404
1964
2391
2407
2545
2487
2576
2344
2591
2516
2537
2515
2440
2113
2402
2471
2605
2529
2436
2078
2290
2481
2508
2558
2542
2159
2396
2432
2419
2380
2396
2097
2477
2504
2553
2532
2533
2205
2478
2476
2444
2445
2495
2201
2333
2253
2343
2325
2409
2156
2415
2512
2457
2572
2551
2243
2382
2407
2544
2612
2378
2151
2436
2449
2498
2384
2428
2165
2437
2539
2449
2613
2623
2201
2315
2366
2413
2577
2439
2033
2212
2251
2261
2376
2367
2267
2484
2468
2350
2332
2304
2000
2299
2437
2409
2444
2548
2133
2324
2432
2526
2356
2340
2145
2335
2347
2143
2314
2394
2150
2580
2598
2519
2510
2461
2029
2365
2395
2348
2277
2361
2035
2421
2517
2637
2649
2533
2266
2600
2407
2291
2392
2327
2149
2552
2599
2617
2559
2573
2341
2583
2597
2463
2436
2501
2140
2527
2480
2469
2599
2447
2118
2467
2349
2397
2417
2481
2181
2491
2578
2565
2537
2473
2163
2441
2366
2345
2390
2350
2172
2481
2522
2549
2249
2376
2124
2474
2513
2561
2580
2529
2111
2329
2507
2345
2348
2457
2059
2524
2632
2533
2377
2460
2097
2345
2275
2349
2654
2597
2194
2453
2561
2473
2328
2317
1991
2348
2398
2393
2281
2225
1969
2418
2537
2524
2437
2385
2070
2271
2364
2269
2182
2318
2216
2402
2538
2532
2497
2641
2269
2536
2483
2449
2503
2597
2296
2495
2435
2533
2425
2423
2192
2517
2507
2506
2358
2287
2071
2509
2618
2600
2452
2453
2199
2470
2387
2356
2433
2537
2087
2305
2389
2413
2516
2429
2068
2335
2530
2654
2435
2633
2263
2483
2685
2501
2507
2388
2061
2367
2445
2365
2393
2443
2256
2447
2463
2540
2301
2274
2031
2498
2424
2388
2363
2477
2160
2351
2473
2429
2532
2463
2295
2556
2407
2356
2275
2321
2121
2448
2337
2416
2404
2465
2184
2606
2632
2571
2453
2397
2082
2324
2470
2412
2293
2308
2015
2297
2233
2311
2428
2412
2177
2493
2497
2528
2564
2497
2283
2504
2618
2647
2527
2606
2132
2364
2311
2184
2250
2431
2079
2402
2470
2301
2076
2265
2082
2448
2618
2472
2412
2487
2257
2482
2496
2453
2369
2513
2228
2404
2474
2545
2631
2517
2141
2565
2502
2477
2446
2393
1964
2289
2390
2428
2335
2442
2143
2304
2448
2457
2621
2431
2099
2399
2482
2397
2582
2533
2257
2490
2431
2362
2297
2328
2111
2428
2515
2401
2489
2548
2147
2349
2667
2679
2574
2381
2058
2361
2495
2439
2521
2505
2271
2369
2315
2381
2452
2543
2138
2574
2511
2555
2273
2377
2041
2389
2551
2627
2460
2388
2157
2428
2598
2591
2359
2417
2157
2583
2505
2485
2412
2376
2096
2448
2468
2636
2516
2655
2241
2393
2390
2453
2468
2304
2028
2329
2333
2341
2205
2345
2084
2472
2542
2569
2391
2393
2048
2354
2566
2436
2445
2274
2149
2603
2541
2455
2385
2363
2077
2437
2482
2504
2341
2271
2018
2378
2635
2652
2489
2437
2175
2437
2439
2450
2397
2429
2160
2481
2323
2382
2276
2378
2075
2533
2419
2408
2437
2364
2044
2409
2567
2602
2514
2509
2008
2373
2403
2364
2293
2304
2097
2420
2662
2558
2456
2310
2143
2435
2475
2641
2727
2637
2341
2710
2663
2527
2418
2305
2025
2314
2410
2548
2495
2428
2215
2460
2513
2461
2521
2488
2256
2495
2435
2404
2308
2365
1958
2376
2323
2356
2258
2397
1789
2233
2317
2499
2404
2393
2212
2493
2519
2486
2360
2415
2236
2585
2596
2612
2682
2641
2117
2491
2483
2580
2487
2324
2118
2543
2490
2556
2501
2388
2056
2323
2489
2440
2416
2371
1910
2280
2523
2513
2399
2492
2245
2417
2359
2405
2431
2456
2153
2449
2427
2480
2508
2494
2137
2352
2513
2441
2481
2512
2217
2352
2384
2468
2460
2654
2188
2452
2259
2397
2393
2340
2065
2314
2442
2558
2489
2539
2173
2444
2487
2540
2453
2381
2156
2527
2513
2541
2481
2452
2132
2527
2455
2478
2408
2395
2149
2414
2404
2460
2526
2481
1979
2196
2205
2247
2115
2234
2071
2317
2385
2443
2472
2399
2199
2628
2569
2512
2453
2420
2104
2405
2528
2599
2503
2554
2298
2452
2481
2508
2512
2276
1896
2261
2435
2480
2441
2344
2120
2390
2459
2576
2441
2404
2113
2606
2717
2778
2533
2585
2169
2403
2448
2401
2324
2261
2021
2285
2454
2612
2495
2428
2170
2477
2511
2591
2407
2427
1964
2365
2579
2553
2485
2365
2056
2385
2397
2375
2277
2486
2130
2553
2586
2385
2361
2381
2029
2298
2546
2495
2273
2331
2108
2481
2570
2633
2500
2628
2260
2433
2513
2472
2468
2401
2099
2323
2423
2354
2408
2284
2070
2404
2469
2499
2393
2377
2136
2562
2651
2576
2605
2436
2122
2349
2403
2407
2369
2359
2111
2437
2558
2719
2451
2328
1980
2342
2432
2557
2470
2389
2149
2419
2368
2501
2514
2371
2028
2207
2473
2373
2431
2313
1910
2237
2430
2443
2172
2308
1933
2428
2622
2552
2556
2546
2344
2588
2464
2388
2425
2458
2055
2389
2514
2493
2495
2549
2102
2483
2458
2424
2404
2485
2159
2441
2345
2418
2431
2463
2098
2324
2360
2392
2431
2526
2190
2413
2483
2551
2607
2377
2088
2381
2482
2602
2457
2302
1983
2593
2674
2505
2457
2505
2276
2527
2502
2480
2500
2540
2164
2524
2519
2420
2329
2417
2115
2476
2433
2620
2492
2591
2153
2351
2418
2481
2512
2556
2128
2287
2275
2383
2374
2366
2205
2380
2411
2625
2413
2356
2037
2373
2384
2481
2440
2289
2044
2415
2517
2467
2555
2701
2322
2313
2192
2384
2365
2473
2114
2425
2461
2433
2459
2455
2149
2371
2506
2456
2317
2263
1983
2512
2611
2610
2495
2484
2104
2383
2395
2541
2439
2504
2068
2433
2438
2417
2527
2534
2168
2380
2453
2456
2423
2345
2149
2439
2486
2449
2437
2513
2317
2642
2451
2424
2380
2399
2132
2308
2368
2457
2559
2600
2173
2317
2387
2537
2404
2435
2177
2348
2491
2517
2484
2527
2172
2580
2600
2493
2407
2495
2048
2372
2495
2536
2447
2458
2214
2395
2545
2592
2549
2365
2220
2462
2383
2516
2382
2380
2177
2373
2415
2329
2212
2082
2012
2509
2464
2397
2463
2461
2161
2583
2521
2509
2463
2467
2042
2457
2435
2525
2334
2212
2186
2422
2371
2489
2404
2362
2121
2457
2571
2672
2444
2548
2076
2345
2491
2544
2556
2473
2227
2516
2331
2380
2265
2348
1983
2365
2562
2577
2544
2527
2149
2461
2434
2420
2367
2372
1922
2377
2531
2549
2460
2421
2292
2448
2366
2461
2431
2448
2166
2621
2495
2356
2261
2213
1985
2444
2506
2364
2424
2502
2197
2541
2518
2384
2326
2564
2107
2345
2386
2404
2320
2375
2101
2376
2480
2414
2574
2599
2404
2629
2534
2687
2539
2590
2245
2343
2459
2498
2450
2304
1941
2320
2527
2401
2418
2433
2176
2321
2420
2320
2304
2431
2069
2444
2490
2548
2599
2626
2215
2465
2626
2522
2478
2397
2113
2188
2426
2424
2228
2441
2180
2510
2521
2558
2468
2329
2111
2411
2384
2412
2404
2473
2231
2483
2489
2597
2395
2461
2189
2401
2345
2414
2229
2448
2143
2404
2475
2364
2432
2325
2013
2372
2459
2431
2381
2348
2106
2351
2231
2481
2486
2312
1975
2317
2662
2716
2423
2443
2222
2452
2619
2648
2597
2384
1844
2290
2448
2604
2468
2557
2126
2444
2539
2591
2512
2298
1916
2374
2416
2470
2457
2281
2202
2409
2292
2445
2340
2524
2233
2281
2298
2393
2426
2428
2256
2595
2535
2468
2175
2269
2160
2434
2422
2512
2623
2610
2292
2510
2530
2596
2549
2474
2172
2612
2584
2541
2445
2253
2171
2377
2403
2386
2492
2299
2218
2385
2407
2409
2576
2456
2233
2392
2401
2452
2446
2545
2256
2445
2386
2309
2344
2367
2171
2551
2339
2401
2445
2431
2193
2373
2322
2258
2545
2524
2108
2442
2563
2535
2463
2491
2105
2520
2535
2468
2347
2286
2025
2388
2465
2388
2188
2412
2083
2340
2486
2665
2623
2529
2179
2428
2234
2235
2288
2333
2033
2341
2509
2571
2551
2548
2223
2572
2506
2316
2209
2352
2192
2444
2499
2437
2393
2377
2149
2428
2483
2567
2405
2430
2176
2470
2336
2316
2318
2390
2052
2553
2542
2486
2388
2410
2126
2247
2404
2362
2365
2534
2392
2515
2487
2549
2615
2521
2234
2367
2320
2299
2477
2442
2071
2335
2466
2380
2414
2445
2092
2463
2551
2478
2505
2462
2139
2569
2495
2495
2551
2532
2068
2443
2317
2335
2245
2335
2174
2497
2411
2487
2495
2405
2205
2512
2509
2410
2484
2376
2052
2385
2483
2527
2389
2521
2145
2381
2420
2468
2532
2570
2257
2573
2707
2540
2365
2289
1863
2252
2516
2505
2410
2188
2049
2335
2319
2367
2512
2621
2168
2447
2427
2465
2485
2548
2165
2396
2358
2506
2608
2676
2172
2350
2422
2295
2365
2444
2301
2509
2605
2597
2488
2594
2290
2497
2470
2445
2495
2461
2235
2288
2393
2592
2535
2476
2104
2287
2379
2361
2440
2392
2068
2118
2235
2377
2405
2308
2029
2417
2405
2329
2329
2462
2233
2580
2595
2521
2530
2413
2117
2539
2450
2436
2569
2585
2201
2416
2466
2356
2412
2468
2092
2356
2224
2160
2193
2292
1948
2221
2278
2428
2201
2363
2237
2509
2534
2540
2597
2407
2021
2389
2557
2489
2394
2399
2102
2514
2477
2591
2534
2456
2193
2636
2407
2452
2402
2461
2250
2367
2387
2460
2506
2438
2057
2445
2437
2457
2356
2460
2160
2454
2464
2569
2463
2395
2092
2389
2483
2390
2398
2516
2087
2438
2408
2407
2526
2536
2209
2505
2481
2512
2310
2377
2168
2456
2451
2490
2517
2649
2244
2380
2387
2444
2461
2306
2040
2276
2265
2500
2549
2585
2028
2284
2549
2529
2335
2334
2158
2538
2571
2709
2640
2506
2292
2612
2531
2447
2361
2309
2111
2430
2506
2397
2354
2262
1913
2356
2382
2602
2377
2360
1992
2399
2459
2576
2586
2553
2126
2456
2418
2342
2301
2448
2239
2434
2438
2469
2584
2760
2254
2513
2493
2429
2573
2388
2102
2530
2461
2570
2527
2563
1964
2281
2435
2285
2377
2306
2244
2561
2551
2535
2658
2474
1978
2475
2427
2529
2425
2325
2131
2407
2386
2422
2433
2419
2061
2361
2542
2568
2395
2494
2167
2292
2273
2476
2437
2412
1913
2252
2442
2535
2474
2630
2174
2448
2403
2367
2344
2460
2065
2396
2573
2570
2639
2536
2159
2473
2494
2719
2599
2540
2233
2466
2383
2349
2367
2330
2032
2461
2422
2561
2593
2566
2068
2504
2563
2487
2549
2481
1951
2335
2434
2642
2452
2439
2136
2412
2451
2485
2559
2426
2014
2420
2477
2489
2294
2301
2035
2265
2258
2399
2383
2402
2151
2617
2559
2648
2466
2323
2031
2613
2681
2589
2453
2346
1949
2443
2480
2489
2417
2363
1919
2273
2215
2333
2365
2310
1983
2349
2471
2476
2396
2392
2246
2673
2547
2521
2573
2556
2246
2577
2502
2476
2475
2499
2065
2567
2611
2356
2364
2503
2167
2374
2354
2533
2304
2365
1945
2201
2427
2653
2474
2452
2168
2504
2456
2560
2486
2333
2006
2476
2502
2584
2540
2583
2023
2254
2334
2424
2469
2378
2038
2505
2518
2335
2166
2092
2006
2508
2505
2581
2356
2311
2170
2468
2625
2584
2605
2478
2163
2527
2359
2511
2351
2366
2146
2502
2507
2445
2557
2506
2147
2481
2489
2517
2433
2517
2231
2716
2775
2661
2610
2401
2106
2364
2476
2451
2292
2326
2071
2293
2459
2273
2304
2217
1881
2185
2330
2409
2384
2417
2057
2423
2546
2545
2537
2509
2164
2481
2570
2561
2386
2591
2073
2376
2450
2356
2404
2409
2179
2655
2503
2518
2330
2269
2060
2334
2467
2343
2369
2316
2145
2505
2545
2553
2510
2553
2068
2343
2446
2552
2445
2388
2060
2282
2250
2329
2289
2429
2271
2700
2447
2463
2444
2587
2172
2470
2472
2585
2525
2604
2277
2515
2569
2399
2335
2297
1898
2311
2347
2354
2276
2425
2043
2252
2361
2485
2309
2425
2191
2375
2394
2396
2391
2353
2032
2355
2443
2518
2511
2472
2062
2457
2663
2562
2557
2436
2039
2564
2575
2480
2471
2480
2185
2423
2350
2308
2258
2298
1920
2308
2547
2623
2377
2253
2012
2440
2339
2572
2500
2480
2040
2363
2450
2519
2541
2364
1921
2382
2490
2460
2585
2588
2321
2576
2641
2641
2486
2260
1951
2436
2470
2389
2501
2492
2133
2375
2520
2568
2503
2494
2001
2310
2475
2423
2344
2271
1996
2222
2181
2306
2461
2491
2003
2541
2534
2463
2545
2476
2072
2417
2453
2489
2463
2460
2137
2480
2435
2572
2485
2453
2068
2524
2541
2545
2470
2401
2091
2463
2477
2544
2579
2428
2140
2399
2351
2457
2524
2341
2138
2450
2546
2656
2590
2521
2171
2456
2523
2584
2435
2399
2137
2393
2517
2453
2497
2442
2028
2440
2472
2480
2413
2405
2026
2513
2422
2403
2352
2373
2088
2439
2402
2424
2265
2323
1981
2304
2359
2348
2460
2435
2145
2450
2605
2668
2596
2408
2042
2381
2425
2414
2567
2385
2015
2317
2365
2437
2575
2476
2110
2358
2560
2434
2329
2377
2074
2417
2379
2405
2441
2381
2133
2687
2686
2479
2471
2567
2202
2516
2333
2391
2319
2485
1884
2197
2395
2427
2420
2276
1998
2511
2515
2431
2407
2353
2052
2320
2595
2429
2410
2463
2124
2526
2505
2463
2412
2269
2057
2437
2486
2525
2540
2556
2134
2500
2607
2637
2553
2401
1919
2348
2462
2527
2600
2601
2207
2521
2385
2476
2517
2601
2222
2597
2518
2480
2329
2253
1900
2417
2418
2470
2322
2426
2061
2517
2495
2342
2333
2314
2007
2463
2421
2522
2407
2453
1997
2254
2434
2517
2573
2391
2157
2766
2582
2503
2455
2324
1934
2409
2391
2437
2325
2304
1904
2118
2494
2610
2534
2417
2011
2418
2471
2524
2509
2477
2143
2489
2317
2511
2418
2429
1959
2313
2401
2466
2394
2434
1969
2335
2448
2574
2356
2367
2088
2391
2485
2419
2476
2397
1982
2274
2477
2448
2506
2365
2017
2427
2637
2608
2516
2616
2182
2411
2438
2544
2425
2505
2146
2465
2576
2588
2384
2409
2054
2297
2499
2594
2553
2385
1899
2454
2627
2535
2333
2279
1885
2365
2606
2724
2487
2446
1949
2460
2629
2584
2526
2501
2028
2461
2423
2588
2356
2332
1874
2330
2515
2563
2629
2376
2021
2543
2439
2439
2199
2176
2056
2299
2427
2379
2237
2365
1988
2494
2428
2361
2339
2156
1891
2449
2511
2516
2509
2536
2073
2510
2487
2558
2462
2389
2207
2664
2535
2530
2425
2377
2057
2297
2343
2321
2394
2491
2172
2379
2387
2581
2699
2472
2032
2465
2471
2407
2314
2276
1927
2376
2487
2453
2351
2525
2092
2517
2538
2457
2461
2467
2116
2620
2768
2669
2508
2344
1858
2431
2486
2518
2540
2537
2185
2495
2464
2421
2444
2445
2089
2580
2488
2557
2539
2428
2150
2539
2475
2524
2488
2546
2097
2310
2386
2463
2466
2315
1926
2449
2426
2460
2469
2402
1993
2468
2535
2413
2278
2411
2043
2463
2505
2442
2509
2257
1951
2480
2484
2397
2358
2256
1924
2462
2658
2581
2548
2476
1903
2364
2504
2563
2557
2380
1957
2363
2535
2469
2345
2380
1942
2304
2456
2549
2509
2397
2085
2527
2631
2641
2492
2463
2095
2330
2307
2427
2304
2495
2249
2495
2291
2397
2431
2461
2140
2591
2614
2552
2678
2593
2181
2533
2480
2506
2495
2384
1870
2349
2379
2423
2411
2424
1991
2307
2483
2589
2431
2468
1972
2357
2626
2516
2504
2502
2254
2615
2528
2545
2316
2348
1997
2271
2458
2586
2479
2436
2005
2413
2455
2599
2384
2347
2116
2492
2478
2523
2527
2452
1953
2425
2437
2442
2348
2346
2043
2313
2378
2292
2381
2519
2142
2566
2427
2393
2432
2306
1821
2216
2290
2431
2410
2446
2042
2533
2418
2508
2485
2424
2123
2633
2576
2396
2293
2388
1973
2372
2400
2458
2312
2361
2182
2425
2427
2359
2348
2318
1964
2384
2621
2593
2449
2477
2060
2572
2525
2651
2535
2401
2248
2525
2546
2569
2459
2321
1993
2386
2608
2616
2647
2569
2083
2443
2482
2505
2456
2554
2111
2520
2373
2506
2412
2412
1937
2437
2426
2322
2462
2308
1889
2238
2396
2481
2415
2455
1973
2292
2310
2569
2524
2487
2168
2506
2423
2487
2485
2481
2082
2564
2419
2490
2520
2415
2110
2512
2599
2493
2532
2549
1932
2324
2442
2664
2513
2578
2020
2588
2459
2420
2345
2396
1850
2374
2640
2581
2501
2485
2006
2426
2379
2553
2390
2255
1903
2330
2451
2453
2629
2524
2160
2360
2340
2463
2409
2325
1989
2433
2482
2577
2608
2458
1993
2455
2443
2389
2409
2491
2018
2416
2375
2396
2278
2187
1830
2313
2435
2479
2447
2576
2358
2641
2632
2569
2540
2568
2215
2471
2431
2332
2273
2277
2029
2471
2560
2488
2494
2597
2008
2348
2407
2474
2329
2284
2015
2491
2560
2656
2536
2398
2137
2537
2442
2376
2437
2367
2043
2237
2426
2494
2455
2396
2169
2591
2506
2453
2564
2404
1981
2385
2473
2521
2498
2484
2012
2380
2423
2572
2424
2524
2298
2634
2434
2442
2340
2378
2048
2388
2341
2394
2444
2388
2200
2504
2290
2431
2320
2425
2120
2383
2429
2504
2681
2445
2060
2569
2433
2489
2527
2381
1865
2239
2523
2446
2545
2481
2001
2357
2576
2508
2441
2477
2294
2399
2374
2372
2396
2389
1950
2319
2379
2434
2369
2340
1885
2345
2523
2399
2533
2573
2114
2428
2547
2501
2525
2490
2126
2390
2330
2437
2357
2380
2010
2297
2511
2529
2399
2353
2192
2600
2513
2489
2370
2324
2129
2601
2737
2556
2665
2517
2045
2422
2480
2413
2455
2342
2044
2411
2323
2308
2353
2341
1981
2348
2435
2423
2366
2402
2212
2612
2577
2461
2451
2589
2152
2419
2419
2481
2524
2449
2116
2399
2505
2565
2384
2285
2059
2533
2534
2557
2444
2309
1996
2312
2507
2384
2332
2377
2109
2441
2426
2375
2329
2353
2068
2364
2355
2370
2303
2365
2131
2553
2448
2537
2589
2444
2079
2429
2609
2590
2655
2625
2172
2451
2587
2493
2280
2213
2052
2427
2610
2658
2625
2584
2141
2480
2402
2370
2371
2394
1972
2453
2491
2387
2361
2351
2072
2513
2599
2479
2613
2389
1917
2285
2307
2348
2524
2593
2252
2634
2608
2611
2312
2352
2040
2375
2333
2271
2493
2472
2103
2433
2503
2562
2461
2544
2221
2548
2495
2554
2505
2340
1937
2444
2647
2562
2571
2516
2328
2470
2294
2348
2507
2384
2150
2612
2577
2308
2399
2361
2087
2373
2451
2325
2428
2328
2149
2461
2554
2495
2463
2473
2089
2534
2403
2361
2312
2321
2072
2352
2453
2661
2580
2489
2186
2585
2561
2567
2527
2365
2113
2404
2336
2415
2485
2428
2058
2372
2379
2409
2512
2456
2008
2391
2428
2405
2313
2467
2177
2513
2406
2601
2516
2410
2023
2352
2343
2420
2399
2289
1876
2297
2509
2532
2568
2491
2233
2558
2503
2398
2383
2420
2126
2431
2407
2348
2476
2444
2064
2448
2519
2597
2521
2520
2251
2447
2255
2235
2289
2380
2101
2511
2519
2493
2599
2495
2216
2557
2466
2348
2605
2501
2085
2436
2405
2532
2526
2421
2119
2361
2354
2385
2508
2672
2334
2516
2469
2456
2381
2248
2069
2437
2408
2448
2444
2578
2098
2642
2463
2569
2470
2607
2163
2340
2391
2537
2504
2480
2035
2361
2363
2476
2472
2495
2181
2385
2371
2623
2493
2404
1929
2284
2439
2483
2516
2519
2212
2431
2294
2492
2468
2437
2298
2399
2373
2348
2369
2424
1929
2377
2403
2357
2264
2239
2092
2388
2480
2545
2525
2489
2266
2655
2496
2421
2392
2445
2067
2372
2454
2414
2413
2408
2097
2320
2373
2374
2671
2641
2145
2502
2405
2473
2536
2375
2101
2326
2363
2388
2432
2500
2071
2424
2458
2587
2553
2300
2165
2421
2459
2468
2486
2413
2059
2436
2451
2495
2480
2504
2204
2492
2440
2413
2333
2336
1904
2363
2479
2584
2633
2383
2125
2352
2408
2461
2417
2436
2097
2454
2491
2495
2557
2419
2075
2527
2566
2644
2589
2604
2120
2499
2519
2576
2618
2360
2034
2406
2352
2452
2373
2586
2172
2365
2386
2380
2372
2437
1920
2377
2482
2609
2468
2532
2183
2388
2298
2309
2285
2298
2124
2569
2507
2543
2521
2555
2198
2220
2402
2388
2478
2414
2108
2503
2530
2321
2213
2301
2037
2356
2384
2468
2294
2340
2130
2440
2440
2629
2620
2503
2166
2561
2558
2525
2509
2380
2269
2448
2421
2409
2488
2332
2157
2448
2448
2550
2460
2516
2096
2419
2384
2540
2464
2457
2156
2621
2483
2433
2412
2356
2167
2432
2375
2251
2279
2362
2229
2516
2454
2506
2621
2480
2148
2473
2453
2593
2793
2636
2365
2460
2466
2519
2421
2351
2126
2305
2356
2389
2093
2258
2187
2672
2534
2626
2481
2374
2088
2444
2426
2287
2263
2293
2241
2647
2451
2383
2536
2533
1996
2328
2267
2183
2278
2441
2233
2520
2503
2537
2499
2445
2127
2460
2382
2522
2459
2475
2139
2498
2463
2493
2420
2309
2097
2488
2373
2473
2337
2456
2123
2399
2463
2644
2556
2399
2133
2353
2440
2494
2483
2302
1981
2398
2394
2353
2334
2243
2068
2373
2319
2416
2367
2441
2329
2504
2435
2389
2396
2448
2196
2367
2435
2393
2361
2444
2199
2719
2462
2444
2408
2489
2019
2356
2391
2414
2476
2461
2039
2389
2425
2385
2364
2385
2239
2571
2593
2557
2498
2420
1993
2324
2313
2440
2313
2355
2019
2254
2473
2608
2644
2741
2340
2386
2382
2408
2349
2424
2180
2487
2482
2501
2484
2593
2244
2578
2389
2419
2386
2362
2078
2414
2499
2508
2372
2408
2061
2516
2361
2457
2569
2433
2060
2530
2535
2649
2495
2392
2046
2527
2470
2409
2342
2396
2064
2367
2556
2639
2495
2335
2081
2613
2416
2388
2481
2383
2002
2332
2266
2233
2358
2217
1891
2297
2475
2544
2372
2412
2207
2561
2429
2399
2420
2456
2214
2574
2379
2540
2526
2483
2211
2614
2441
2548
2324
2373
2015
