2109
2058
2072
2056
1929
1914
1858
1877
1994
2060
2045
2088
2065
2050
2229
2228
2181
2149
2113
2161
2188
2151
1954
1997
2007
1904
2077
2107
2044
1991
1963
2036
2074
1985
2078
2148
2110
2055
2069
2092
2100
2015
2189
2210
2032
2117
2256
2210
2100
2060
2013
2034
2049
1942
1905
1940
1972
2079
2119
2069
1996
1869
1961
1992
2013
2076
2156
2180
2052
2075
2036
2077
2045
2029
1919
1967
2113
2119
2089
2101
2088
2225
2114
2036
1953
1922
2076
2101
2203
2110
2228
2079
2049
2078
2005
1969
2023
2093
2012
2052
2093
2000
1982
1940
1943
2024
2089
2079
2037
2080
2094
2032
2077
2100
2068
2093
2061
2113
2140
2097
2145
2079
2070
2101
1940
1891
1914
2043
2185
2056
2123
2191
2064
2179
2189
2032
2001
2071
2013
2124
2201
2113
2096
2109
2193
2164
2045
1919
1989
1989
2031
2042
2028
2043
2013
2095
2081
2024
2010
2033
2104
2106
2106
2108
2186
2224
2149
2097
2135
2071
2006
2008
1871
1949
2048
2108
2214
2145
1997
1983
2001
2045
1993
2036
2267
2149
2176
2132
2137
2122
2161
2077
2114
2022
2037
2109
2253
2138
2141
2180
2007
2031
1993
2020
2005
1992
2096
2033
2085
2013
2005
2009
2015
2091
2183
2157
2108
2123
1916
1968
2055
2103
2108
2061
2109
2130
2044
2061
2085
2054
1919
1933
1993
1934
2060
2100
2065
2130
2129
2051
2078
2202
2268
2242
2192
2087
2105
1993
2133
1949
2041
2012
1971
2087
2034
2024
2045
2028
2036
2092
2171
2238
2167
2113
2066
2124
2121
2112
2019
2037
2043
2065
2192
2133
2006
1928
1943
1920
2009
2118
2128
2101
2231
2071
2024
2066
2049
2027
2146
2111
2061
2021
1869
1907
2015
2005
1963
1927
2123
2168
2107
2107
2110
2049
2073
2019
1980
2122
2106
2031
2077
2132
2140
1927
1897
2022
2153
2150
2161
2133
2252
2191
2142
2074
1978
2013
1957
2011
2018
2073
2055
2041
2077
2144
2069
2076
1965
2024
2079
2077
2063
2172
2072
1914
1982
2019
2073
2039
2030
2002
2030
1951
2117
2135
2097
2057
1991
2107
2140
2140
2169
2221
2085
2068
2066
2089
2124
2197
2111
1983
2049
2131
2065
1970
2107
2183
2080
2018
2068
2068
2062
2086
2082
1976
2042
2049
2085
1973
1929
1975
2041
1937
2006
2071
2029
2051
2156
2194
2135
2057
2118
2076
2077
2120
2156
2102
2039
2076
2037
1957
2115
2148
2052
2022
2036
2052
2068
2062
2104
2122
2081
2056
1902
1936
2156
2166
2104
1917
2001
2043
2094
2073
2106
2122
2093
2042
2111
1961
2032
1962
1969
1996
2087
2181
2093
2075
2183
2168
2237
2149
2117
2117
1924
1923
1880
1953
1989
2045
2031
2107
2039
2019
2032
2050
2029
2026
2136
2011
1965
2027
2074
2028
2039
1940
2126
2120
2206
2068
1896
2005
2097
2096
2175
2181
2196
2090
2189
2222
2249
2212
2056
2212
2155
2162
2017
2011
2096
2072
2001
2061
2014
1975
2036
1997
1958
1977
1909
1919
1981
2056
2093
2120
2205
2160
2205
1945
2033
2103
2116
1980
1968
2069
2252
2174
2140
2043
2021
2077
1960
2050
2027
2133
2035
2217
2293
2237
2249
2154
2129
2003
1949
1946
2027
1922
1878
1913
2044
2089
2057
2054
1989
1975
2064
2040
2094
2108
1962
1959
2005
2133
2220
2269
2218
2057
2093
2038
2015
2052
2116
2134
2153
2105
2095
2097
2054
2061
2185
2183
2036
1980
2060
1906
1925
1936
2007
2069
2032
2146
2120
2094
1969
2049
1997
2013
2036
2053
1996
1959
1983
2101
2057
2049
2108
2068
2060
2080
2066
2087
2196
2143
2216
2132
1991
1997
2076
2164
2106
2025
1996
1951
2001
2026
2113
2159
2184
2252
2210
2159
2145
1966
1877
1877
2011
1970
1949
1964
2012
2176
2079
2097
2167
2081
2036
2054
2116
1990
2092
2149
2261
2231
2147
2038
1982
1909
1937
1995
2004
1981
1957
2077
1998
2124
2096
2011
2045
2091
2233
2073
2106
2019
2101
2029
2055
2026
1949
2093
2102
2112
2087
2041
2060
2068
2020
2052
2105
2264
2263
2277
2210
2104
1995
1992
1874
1981
2150
2228
2215
2192
2244
2114
1951
1938
1911
1919
2052
2061
1990
1884
1945
1858
1989
2084
2169
2263
2109
2157
2111
2051
2093
2239
2149
2038
2061
2026
2019
1972
1972
2013
2069
2071
2129
2009
1924
1986
1976
2113
2160
2090
2068
2064
2058
1979
1953
1836
2109
2110
2121
2193
2109
2091
2019
1924
1971
2123
2135
2090
2064
2036
2132
2101
2217
2096
2207
2070
2079
2047
2133
2161
2239
2134
2109
2111
1974
1971
1925
1925
2023
2076
1965
2045
2180
2227
2197
2048
1996
2071
2164
2110
2114
2128
2020
1988
1956
1935
1956
2037
2012
2006
2097
2001
2007
2069
2137
2127
2136
2091
2109
2136
2160
2093
2058
1955
1915
1950
2009
2121
2177
2059
2062
1987
2018
2123
2204
2117
2046
2045
2029
2028
2037
2083
2121
2028
1993
2021
2174
2194
2148
2122
2175
2040
2049
2068
2163
2148
2242
2138
2083
2181
2111
1895
1838
1849
1879
1987
1892
2033
1999
1989
2000
2063
2130
2170
2117
2181
2060
2167
2221
2103
2014
2090
2079
2049
1997
2015
2019
2024
2015
2006
2073
2197
2241
2222
2232
2141
2126
2151
2098
2090
2155
1928
1880
1911
1845
1865
1967
2001
2096
2068
2094
2143
2169
2087
2079
1965
2128
2091
2068
2050
1967
1915
1949
1929
2050
2104
2107
2250
2209
2187
2079
2021
2005
2063
2123
2175
2121
2059
2013
2044
2103
2041
2021
2018
1949
1971
2058
2143
2197
2077
2142
2130
2121
2082
1990
1936
2076
2020
2045
2082
2072
2055
2045
2129
2238
2106
2132
2055
2049
2014
2111
2109
2190
2200
2161
2140
1983
2052
1996
2061
2080
2128
2125
2112
2079
1992
1947
2013
2004
1977
2089
2093
2029
2108
2100
2064
2175
2215
2137
2148
2043
1957
1959
1917
2073
2060
2069
1983
2065
2118
2133
2028
2079
2060
2037
2131
2070
2086
2102
2209
2117
2183
2148
2065
1997
2047
2044
2100
1993
1934
2063
2065
1991
1880
1965
2105
2165
2084
2121
2178
2054
2075
1980
1895
1918
2064
2128
2059
1957
2059
2072
2019
2026
2065
2028
2053
1946
2027
2097
2197
2113
1976
1954
1977
2128
2089
2079
2046
2039
1998
1899
1919
1985
2128
2171
2209
2233
2269
2148
2215
2225
2186
2101
2002
2008
1983
2037
2032
2022
2039
2162
2272
2157
2201
2035
2077
1988
2003
1972
1974
1892
1863
1863
1937
2025
2007
2081
2071
2049
2077
2105
2230
2118
2056
1937
1928
1924
1983
1945
2015
2025
2027
2037
2049
2237
2093
2072
2039
2127
2029
2026
2084
2207
2125
2173
2085
2189
2186
2167
2116
2133
2101
2086
1961
1973
2067
2018
2012
1991
1957
1989
1933
2035
2159
2151
2075
1988
1968
1982
1983
2043
2026
2143
2092
2093
2064
2062
1985
2029
2123
2041
2088
2097
2125
2257
2102
2022
1996
2015
1969
1977
2029
2114
2100
2113
2105
2076
2103
2121
2060
2143
2221
2170
2105
2093
2117
2036
2072
2131
2062
2022
2024
2020
1988
1977
2073
2054
2030
2020
2080
1996
2005
2076
2123
2008
2084
2076
2215
2201
2048
2000
2052
2060
2115
2107
2030
2094
2097
2161
2235
2248
2108
2055
1987
1941
2008
2133
2228
2280
2137
2130
2138
2132
2037
2029
2084
2133
2061
1994
2013
1983
1973
2051
2088
2015
1923
2013
2058
2039
2039
2079
2055
2000
2018
1908
1974
2097
2040
2165
2091
2185
2261
2093
2186
2184
2228
2189
2196
2044
2137
2063
1989
2024
2133
2221
2004
1983
2002
1965
1993
1957
1927
2031
2021
2089
2013
1937
1987
1988
2081
2231
2150
2239
2032
1941
1947
1939
1958
2027
1975
1972
2005
2052
2134
2049
2053
2116
2157
2098
1981
1995
2011
2076
2156
2152
2096
2201
2151
2076
2125
2102
2160
2133
2105
1973
2052
2025
2000
2035
2053
2068
2143
2103
2057
2045
1943
2084
1944
1975
1933
2005
2108
2068
2102
2140
2117
2137
2048
1915
1904
1990
2027
2212
2241
2103
2053
1988
2104
2170
2206
2085
2089
2124
2039
1942
1936
1942
2053
2076
2161
2023
2163
2269
2135
2106
2092
2053
1983
2005
2057
2081
2078
2170
2120
2153
2105
2064
1962
2082
2009
2000
2030
2073
2020
1989
2018
2093
2053
2096
2051
2037
2023
1945
2071
2015
2071
2124
2186
2253
2157
2130
2235
2177
2134
2000
2033
2071
2127
2171
2052
2033
2105
2049
2070
1963
1961
1958
2015
2131
2089
2162
2090
2153
2081
2040
1975
1991
2131
2076
2109
2128
2030
2001
1875
1828
1956
2071
2085
2099
2111
2111
2095
2019
1965
1997
2142
2045
2021
2025
2059
2036
1952
2021
2083
2054
2128
2148
2102
2126
2113
2052
2098
2036
2141
2222
2160
2094
2103
2136
2151
1988
2015
2232
2114
2186
2138
2084
2058
2095
2053
2052
2007
2026
1917
1951
1867
1961
1967
1973
2127
2129
2228
2225
2071
2166
2100
2245
2196
2153
2137
2005
2022
2044
1969
2009
2046
2046
2093
2052
2094
2037
1908
1906
1847
1951
2007
1965
1994
2013
2053
2032
2074
2236
2175
2076
2109
2125
2151
2124
2049
1983
2064
2031
2031
2084
2029
2057
2040
2029
2062
2079
2203
2116
2122
2137
1983
1977
1940
1940
2047
2073
2143
2156
2105
2079
2072
2111
2044
2056
2117
2180
2045
1987
2004
1965
2046
1981
2023
2015
1971
2036
2050
2009
2106
2133
2040
2037
1929
2105
2038
2135
2146
2032
2035
1971
1983
1975
2079
2100
2202
2239
2173
2185
2202
2079
2151
2079
2055
2033
2117
2139
2055
2163
2034
1941
1949
2073
2078
2137
2116
2148
2133
2166
2096
1915
1953
2137
2057
2060
2085
1996
2174
2119
2076
2083
2029
2038
2113
2075
2128
2148
2116
2167
2085
2033
2041
2042
1999
1883
1873
2033
2025
2073
2005
2120
2246
2233
2229
2085
2052
2010
1988
1877
1798
1969
2005
2085
2105
2123
1969
2015
2031
2113
2177
2193
2185
2136
2121
2095
2133
2160
2101
2197
1993
1977
2068
2020
2090
2044
2121
2201
2120
1972
1949
2012
2078
2032
2209
2192
2141
2169
2126
2077
1979
2007
2079
2153
2114
2057
2045
1975
2099
2088
2037
2004
2044
2021
2091
2053
2093
2197
2141
2207
2139
2146
2070
1910
1843
1909
1885
1941
1949
1909
1988
2028
2078
1944
2024
2201
2133
2124
2151
2037
2057
2260
2202
2186
2126
2101
2130
2053
1944
1909
1976
1997
2097
2120
2132
2077
2075
2040
2045
2073
2128
2085
2044
2065
2011
2028
2053
2068
1960
1965
1975
2005
1926
1988
1963
2124
2225
2168
2246
2179
2195
2120
2156
2097
2166
2111
2057
2012
2002
2077
2220
2179
2082
2004
2048
2048
2190
2217
2186
2079
1936
2004
2076
1969
1962
2033
2141
2009
1963
2012
2005
1993
2018
2101
2015
2044
1999
2003
2061
2048
2066
2113
2056
2090
2025
2143
2133
2113
1991
1897
2053
2010
2053
2025
2064
2056
2171
2087
2055
1908
1998
2031
2052
2101
2133
2185
2088
2171
2140
1962
2036
2062
2035
2085
2113
2041
1988
2061
2034
2023
2111
2100
2136
2173
2141
1996
1917
1891
1970
2019
2060
2049
2124
2149
2198
2207
2227
2068
1907
1917
2077
2113
2091
2064
1955
2033
1956
1885
1919
2108
2028
2009
2051
2079
1940
2039
2020
2178
2113
2098
2087
2149
2177
2201
2065
2039
2060
2058
2015
2128
2053
2113
2033
2096
2073
2141
2070
2015
2156
2217
2056
2183
2128
2109
2165
2052
1970
1988
2092
2009
1893
1976
1909
1903
2000
1988
1973
2039
2124
2217
2180
2054
2064
1962
2057
2013
2109
2196
2378
2265
2199
2252
2135
2087
2118
2143
2064
2040
2120
2148
2172
2178
2204
2103
2043
1940
1945
1919
2068
2114
2122
1945
1864
1919
2020
2079
2029
2008
1998
1976
2035
2142
2048
2142
2137
2143
2029
1993
2093
1941
2082
2030
1943
1977
2078
2034
2002
2109
2096
2137
2252
2128
2119
2020
1978
2009
2049
1960
2089
2082
2160
2081
2022
2045
2215
2208
1997
2116
2085
2123
2163
2204
2161
2126
2037
1961
1822
1845
2038
2153
2154
2107
2036
2052
2039
1896
1915
1997
1916
1897
2013
2181
2243
2167
2160
2196
2245
2254
2143
2148
2044
2012
2064
2148
2188
1953
1900
1973
2028
2005
2107
2213
2172
2132
2137
2021
2018
2096
2006
2089
1923
2005
1992
1988
2005
2021
2075
2157
2088
2057
2170
2061
2228
2116
2226
2236
2045
2053
2089
2220
2060
1979
1945
1904
1906
1938
2111
1999
2046
2031
2143
2196
2112
2190
2044
2076
2097
1936
1927
1939
2052
1959
2140
2100
2185
2276
2179
2065
1959
1881
1938
2072
2083
2015
2066
2049
1965
2065
2062
2020
1951
1983
2075
2175
2183
2113
2057
2073
2099
2164
2087
2170
2129
1991
2047
2098
1985
1981
2137
2177
2177
2264
2205
2079
2094
2140
2150
1906
1921
2033
2095
2114
2160
2103
2011
2036
2047
2066
1994
2023
1989
2100
2130
2143
2065
2141
2212
2068
2010
2008
2047
2087
2149
2100
2069
2038
2037
2005
1856
1936
2088
2104
2178
2011
2058
2113
2123
2121
2056
2129
2068
1979
1985
1983
2055
2150
2069
2088
2065
2042
1941
2039
2050
2028
2006
2039
2065
2133
2088
2065
1872
1988
2001
2023
1972
1972
2117
2101
2042
2017
2060
2009
2121
2132
2087
2092
2062
2149
2109
2064
2120
2237
2153
2037
2011
2049
2132
2176
2111
1942
1999
2066
2107
2232
2187
2073
1956
2035
2085
2055
2086
1980
1975
2064
2055
1986
1865
1985
1971
1902
1922
1945
1960
2186
2197
2148
2146
2140
2087
2068
2046
2032
2060
2097
2144
2093
2180
2091
2172
2156
2180
2102
2080
2082
2065
1923
2113
2129
2216
2060
2002
2109
2152
2103
2094
2061
1960
1990
1937
1909
1983
2029
2188
2190
2161
2145
2025
2189
2194
2065
2024
2081
2012
1988
2051
1912
2001
2089
2025
2082
2163
2116
2142
2152
2129
2009
2048
2028
2035
2168
2198
2143
2154
2032
2065
2153
2073
2057
2003
2098
2165
2092
2133
2002
1919
2004
2083
2109
2124
2000
2012
2008
2004
1983
2019
1893
1969
1828
2055
2096
2157
2113
1993
2036
2096
2044
2072
2161
2181
2160
2135
2098
2140
2078
1989
1929
1884
1788
1872
1959
2094
2004
1992
2069
2217
2255
2175
2268
2204
2151
2316
2299
2040
1953
1989
2055
2071
1949
1983
2064
1964
1901
1959
2124
2054
2016
2079
2085
2077
2052
1955
1989
2053
2068
2079
2116
2188
2088
2078
2065
1950
1947
1893
1960
2110
2180
2249
2268
2157
2074
1988
2182
2130
2087
2050
2092
2079
2089
2031
2025
1951
1954
2016
2125
2164
2188
2116
1983
1959
1945
1922
1995
2068
2052
2089
2110
1960
2062
2198
2165
2177
2008
1973
2097
2125
2015
1979
2089
2093
2132
2093
2173
2155
2176
2158
2232
2156
2093
2034
2053
2116
2079
2030
2101
2163
2136
2096
1979
1893
2037
1961
1863
1901
2000
2121
2134
2195
2105
2151
2040
2092
2236
2263
2069
2144
2233
2038
1992
2018
1993
1961
1955
2100
2060
1994
2077
2041
2070
2057
2089
1980
1890
1979
2140
2117
2117
2069
2079
2096
2125
2166
2176
2096
2116
2233
2064
2145
2018
1933
2027
1934
1987
2027
1981
1989
2074
2211
2143
2127
2141
2161
2015
2024
1985
1968
2051
2095
2077
2000
2104
2085
2079
2044
1997
1981
1981
2033
2077
2156
2109
2057
2063
2025
1971
1969
1919
2006
1967
2041
2151
2097
2113
2245
2207
2245
2009
2128
2229
2172
2172
2111
2122
2089
1997
1915
2015
2052
2089
2160
2122
2138
2021
1982
1956
1961
1893
2041
2015
2072
2048
2092
2061
2120
2109
2161
2096
2069
2035
1985
2013
2088
2105
2133
2121
2213
2114
2101
2049
2024
2092
2085
2069
1909
1921
1978
1981
2054
2115
2192
2196
2160
2023
1981
2033
1951
1941
2015
2142
2076
2076
2008
1915
2081
2054
2133
2086
2020
1915
1849
2019
2113
2077
2084
2021
2052
1992
2043
2060
2129
2169
2181
2137
2200
2141
2177
2205
2184
2129
2200
2058
2044
1911
1923
2029
2017
2100
2123
2049
1997
1937
1997
2105
2048
2003
2000
1888
1935
2053
2211
2184
2033
2068
2065
2180
2257
2126
2118
2151
1980
1913
1997
2068
2064
2006
2048
2037
2065
2025
2060
1993
1992
2042
2188
2168
2157
2089
2066
2236
2154
2172
2066
1986
2014
1977
1997
2048
2046
2148
2120
2105
2129
2067
2181
2089
2005
2015
2030
2076
2096
2149
2239
2107
2172
2108
2037
2052
2031
2057
2172
2102
1928
2069
1993
1943
1996
1992
2072
2009
2015
2079
1984
2098
2049
2097
2143
2138
2129
2076
2034
2141
2249
2225
2105
2102
1897
1857
2000
2203
2023
1983
2033
2036
2077
2118
2121
2149
2157
2069
2020
1937
2041
1999
1986
2033
2033
2024
2233
2244
2212
2184
2198
2128
2060
2065
2145
2017
2017
2027
1967
1876
1879
1940
1975
2117
2200
2232
2147
2078
2003
2032
2045
1977
1910
1880
1986
2087
2177
2227
2160
2113
2146
2037
2006
1992
2013
1983
1977
1935
1901
1958
1935
2060
2114
2056
2041
2104
2126
2136
1998
2009
2107
2058
2157
2243
2097
2094
2057
2113
1953
2113
2059
1983
2032
2109
2128
2198
2270
2148
2143
2033
1989
2176
2099
2029
2059
1976
2085
2026
2004
2039
1962
2056
1996
2090
2079
2032
2044
2084
2023
2116
2120
2056
2160
2068
2138
2135
2049
2049
1961
1967
2019
2021
2045
2039
2001
2010
2153
2167
2192
2172
2047
2043
2038
2035
2137
2189
2117
2089
2052
1937
2000
2109
2149
2300
2241
2153
2097
2032
2123
2066
2076
2124
2141
2079
2015
1996
1962
1941
1965
2002
2100
2130
2271
2121
2022
2146
2051
2009
1973
1973
1977
2053
2142
2080
1999
1976
2053
2109
2238
2104
2154
2111
2121
2078
1964
1904
1904
1793
1934
2081
2192
2245
2226
2236
2113
1969
1866
1951
2089
2091
1993
2025
2143
2159
2094
2212
2256
2249
2116
2092
1968
2074
2014
1988
2014
1890
1992
2032
2029
2037
2085
1989
2173
2164
2196
2127
2090
1977
2014
1961
1958
1961
2153
2138
2125
2145
2052
1993
2030
1983
1865
1950
1964
2047
2058
2000
2121
2119
2129
2128
2121
2167
2103
2111
2021
2003
2001
2095
2128
2052
1946
1973
2037
2079
2093
2052
2007
1955
1911
2040
2028
2089
2018
1996
2077
2165
2206
2133
2049
2184
2060
2145
2155
2064
1999
2039
2161
2049
2038
2112
1944
2034
2099
2149
2218
2085
2057
2138
2129
2171
2044
2005
2096
2084
2180
2215
2092
2124
1922
1865
1950
1919
1923
1972
1986
2121
2094
2073
2116
2151
2196
2180
2128
2119
1982
1898
1918
1948
2023
1980
1981
1871
1978
2174
2271
2233
2213
2141
2082
1936
1907
2068
2245
2185
2028
1941
2029
2147
2050
2152
2111
2082
2192
2142
2201
2241
2139
2140
2057
2099
2052
2061
1936
1793
1850
2060
2009
2104
2154
2088
2014
2021
2031
2000
2100
2165
2161
2145
2129
1983
2032
1993
2089
2085
2062
2015
2083
2029
2033
1986
1969
1954
2005
1868
2008
2215
2010
2046
2092
2116
2057
1967
2044
2088
2174
2207
2068
2149
2142
2175
2087
2055
1995
2099
2200
2109
2015
2009
1940
1935
1955
1958
2048
2061
2132
2027
2021
1895
1983
1996
2007
2059
2181
2229
2261
2285
2336
2164
2143
2098
2101
2006
1989
2011
1983
2065
2077
1997
1957
2008
2093
2207
2064
1969
2053
1845
1956
1951
2139
1981
2026
2022
1996
2049
2160
2225
2156
2145
2195
2204
2148
2183
2098
2153
2167
2234
2154
2017
1996
2025
2095
2057
2007
1959
2010
1963
2109
2192
2141
2111
1985
2037
1902
1995
2015
2093
2055
2034
1901
2084
2087
2153
2156
2068
1919
1956
2028
2016
1991
2076
2063
2017
2117
2019
2108
2037
2031
1972
2030
2013
2098
2128
2052
2078
2118
2031
2086
2133
2062
2069
2061
2170
2131
2044
2139
2075
2029
2177
2092
2131
2022
2128
2043
1880
1916
2005
2005
1981
2090
2066
2102
1997
2052
2122
2145
2083
2082
2113
2096
2053
2112
2143
2172
2145
2088
2042
2092
2135
2025
1935
2053
2103
2103
2093
2091
2174
2097
2057
1964
2047
1976
2091
2012
2100
2133
2039
2113
2237
2091
2018
2065
2037
2030
2021
1967
1993
2096
2101
2157
2114
2078
2049
1973
1917
1973
1964
1993
2015
2072
2064
2088
2064
2109
1985
2072
2067
2080
2164
2074
2160
2176
2185
2231
2055
2053
2178
2170
2109
2083
1942
2071
2120
2071
2020
1932
1941
2059
2026
2134
2116
2165
2035
2000
1928
1987
1950
1958
2057
2143
2085
2166
1996
2138
2206
2187
2211
2074
2120
2110
2040
2144
2045
1951
1830
2017
1972
2108
1981
1970
1985
2001
2001
2064
2115
1999
2017
2160
2157
2028
2057
2140
2068
2069
2045
2051
2033
1972
2004
2199
2156
2140
2021
1934
2128
2177
2220
2127
2178
2157
2056
2091
2117
2050
1969
1970
1931
2105
2180
2099
2101
2143
2097
2149
2015
2007
1999
1906
1913
1983
2015
2088
2017
2100
2101
2006
2087
2105
2150
2169
2069
2044
2002
1989
2023
2093
2069
2020
2093
2068
2071
1977
2140
2175
1990
2045
2039
2064
1941
1903
1884
1968
2000
1898
1961
2164
2120
2047
2033
2091
2129
2182
2104
2125
2073
2030
2089
2077
2056
2126
2168
2023
2060
2062
2031
2031
2220
2109
2141
2072
1998
2035
2102
2198
2151
2154
2117
2013
2021
1877
1892
2013
2177
2214
2173
2197
2224
2140
2157
2088
2166
2076
2007
2022
1945
1900
2054
1889
1911
2042
1983
2180
2136
1977
1976
2071
1998
1996
2158
2170
2186
2146
2105
2121
2157
2141
2096
2043
2033
1851
1904
1954
2008
1956
2143
2209
2109
2064
2064
2040
2064
2100
2133
2157
2135
1951
2156
2119
2077
2036
1877
1972
2121
2031
2122
2094
2156
2153
2088
2120
2126
2113
1967
1902
1992
1981
1953
1930
1938
1984
2083
2124
2004
1990
2052
2110
2174
2150
2205
2176
2188
2106
2065
2033
2173
2091
2180
2153
2146
2106
1999
2089
1941
1910
1897
2117
2135
2036
2040
2057
2064
2027
2043
2029
2017
2142
2054
2040
1977
2002
1980
2101
2137
2204
2103
2097
2104
1946
2005
1971
2025
1942
2005
1983
2049
2151
2156
2239
2185
2143
2233
2188
2187
2198
2056
2010
2055
2092
2081
2081
2103
2023
2044
2026
2176
2125
2053
1993
1849
1904
1950
1968
1925
1924
2089
2054
2042
2052
2035
2125
2158
2140
2105
2087
2045
2111
2144
2142
2040
2074
2200
2135
2192
2094
2020
2052
2019
2113
2098
2201
2143
2112
2077
1989
2041
2116
2061
2159
2085
2019
2018
2076
2003
2043
2005
2024
2089
2075
2008
2015
1997
2125
2149
2124
2042
2075
2040
1973
1988
2009
2004
2013
1999
2003
2106
2154
2069
2130
2177
2188
2111
2120
2123
2034
2023
2081
2162
2140
2111
2155
2177
2197
2128
2176
2060
1973
1995
2001
1993
1861
1857
1962
2026
2031
2018
2029
2046
2073
2079
2222
2207
2089
2079
2050
2074
2010
1982
2101
1941
1961
1872
1887
1950
2088
2093
2124
2228
2156
2152
2029
1951
1960
2023
2143
2111
1943
2070
2086
2116
2191
2123
2077
2141
2141
1936
2137
2143
2119
1996
1925
2069
2075
2055
2087
2180
2034
2023
2140
2116
2132
2092
2035
2057
1971
1996
2105
2007
2078
1967
1971
2167
2123
2036
2025
2054
2007
1936
1922
1993
2070
2064
2078
2079
2160
2143
2022
2044
2076
2088
2130
2094
2006
2046
1993
1983
2033
1957
1970
2005
2037
2034
2170
2101
2181
2159
2117
2116
2085
2026
2043
2231
2248
2136
2044
2076
2107
2084
2146
2167
2162
2095
2060
1947
1987
2065
2008
2028
1950
1977
2050
2111
2209
2164
2082
2141
2064
1972
1867
1872
1897
1914
2009
2136
2084
2079
2137
2180
2027
1971
1957
1993
2113
2084
2112
2060
2088
2076
2027
2172
2153
2138
2088
2004
2044
2023
2137
2079
1937
1884
1973
2138
2096
2001
2075
2207
2193
2249
2180
2171
2108
2233
2185
2143
1985
2029
1961
2028
2206
2077
2038
2041
1913
1969
1912
2037
2165
2169
2068
2176
2157
2141
2057
2087
2089
1949
2107
2212
2158
2129
1929
1941
1804
1873
1894
1937
2113
2226
2165
2102
2044
2084
2026
1895
2064
1994
2033
2033
2040
2049
2128
2156
2232
2189
2137
1972
2055
2140
2051
2108
1985
1972
2176
2219
2067
2040
1990
2132
2173
2165
2057
2058
2069
2089
2042
2065
2170
2013
2079
1942
1916
2089
1995
2061
2157
2149
2092
2133
2107
2049
2143
2113
2086
2061
2076
2069
2031
1968
1879
1841
1949
2041
2140
2045
2020
2076
2080
2000
2045
2033
2141
2177
2176
2197
2000
2041
2156
2173
2216
2219
2157
1987
1971
2015
2149
2187
2194
2074
2025
2058
2162
2004
1983
1919
1922
1971
2093
1987
2039
2024
2104
1976
2003
2043
2073
2072
2132
2052
1989
1978
1964
1936
2099
2121
2027
1904
1913
1853
1991
2122
2146
2156
2061
2002
2100
2141
2151
2147
2009
1949
1927
2074
2128
2249
2215
2117
2072
2001
2002
2113
2109
2188
2224
2154
2204
2093
2106
2132
2150
2179
2096
1977
1943
1807
1911
2033
2117
2023
2136
2121
2056
2068
2041
2012
1957
1950
2153
2229
2068
2103
1991
1948
2162
2167
2132
2129
2186
2156
2047
2117
2015
1956
1887
1784
1841
2029
2187
2296
2172
2111
2040
1990
1970
1953
1926
1959
2001
2188
2136
2064
1988
2112
2143
2145
2005
2084
2029
2102
2190
2057
2008
2068
2064
2097
2126
2124
2111
1881
2053
2105
2077
1924
1972
1932
1996
2104
2169
2171
2048
1961
2121
2196
2199
2189
2106
1989
2009
2029
1972
2087
2193
2108
2099
2092
2085
2024
2021
1979
1893
2028
2130
2096
2060
1936
2115
2122
2120
2029
1994
2036
2000
2004
2101
2085
2045
2087
2155
2116
2029
1959
1949
2057
1987
2073
2098
2108
2111
2071
2091
1964
2148
2188
2122
2158
2149
2200
2172
2082
2186
2060
2022
1989
2049
1963
2141
2234
2218
2105
2020
2010
2010
2005
1973
1961
2065
2120
2154
2204
2199
2111
2121
2189
2141
2076
2055
1969
1965
2028
2073
1943
1971
1988
1998
1892
2006
2096
2165
2136
2085
2124
2119
2113
2013
2053
2105
2108
2139
2164
2020
2186
2108
1979
2022
2113
2070
2119
2119
2085
2057
2023
2115
2065
2071
2005
2037
2041
1904
1974
2084
2117
2121
2085
1973
2007
1871
1992
1993
1983
2000
1967
2086
2098
2124
2137
2108
2093
2027
2015
2075
2271
2159
2129
2173
2125
2089
2128
2034
1972
1913
1933
1908
2013
2219
2148
2086
2129
1974
1964
1997
2022
2076
2065
2033
1975
1932
2010
2053
1993
2021
2012
1922
2015
2203
2189
2264
2189
2252
2120
1982
2015
2074
2180
2129
2012
2064
1980
2066
1950
1966
2041
2013
2039
2067
2057
2109
1996
2032
1983
1999
2146
2051
2092
2063
2032
1993
2037
2180
2181
2139
2140
2107
2065
2052
2116
2073
1958
1888
1921
2034
2100
2145
2164
2161
2182
2021
1993
1934
1980
2105
2052
2132
2128
2106
2036
2065
2050
2118
2151
2074
2149
2045
1973
2101
2164
2177
2155
2132
2025
2039
1989
1887
1931
2097
2271
2219
2149
2157
2089
1946
1973
1986
1951
2051
2145
2031
2028
1966
1992
2135
2214
2319
2155
2059
2030
2003
2036
2048
1977
1989
1946
1937
2008
2003
1991
2049
2142
2097
2022
2113
2208
2217
2225
2141
2075
2031
1967
2030
2129
2032
2084
2097
2105
2193
2078
1959
1965
1936
1943
2039
2206
2159
2191
2101
2071
2060
1996
1925
2041
2082
2111
2088
2160
2179
2121
1983
2064
2113
1956
2110
2076
2033
2009
1988
1832
1964
2010
1956
2062
2109
2109
2110
2025
1946
2010
2085
2109
2150
2032
1977
2032
2117
2119
2087
1945
2036
2012
2026
2132
2209
2176
2001
1939
1946
2033
2137
2039
2214
2068
2060
2057
2008
2015
2133
2153
2178
2101
2213
2172
2122
2153
2076
2092
2076
2020
2078
2108
2064
2069
2085
2190
2052
1939
1928
1931
1989
2029
2085
2018
2130
2141
1994
2187
2227
2160
2101
2127
2156
2136
2088
2034
1986
2076
1992
2000
1985
2033
2161
2058
1994
2042
2078
2096
2232
2153
2132
1945
2034
1997
2043
2130
2089
2116
2108
2092
2056
2087
2090
2034
2097
2080
1967
1855
1991
2002
2003
2064
2079
1909
2037
2124
2096
2066
2297
2161
2061
2129
2161
2076
2064
2072
2085
2193
2098
2136
1981
1937
1918
1975
2084
2052
1974
2092
2134
2180
2168
2149
2122
1929
1981
2023
2093
2076
2144
2062
1937
2014
2054
2049
1999
2093
2080
2087
2158
2151
2103
2076
2032
2045
2084
2153
2109
1982
1983
2005
1993
1903
1904
2028
1973
2000
1989
1916
1958
2052
2012
2114
2103
2088
1975
1951
1996
1943
1968
2012
2048
2111
2064
1985
2067
2148
1990
2085
2056
1997
2057
2096
2052
2025
2055
2132
2108
2156
2186
2196
2113
2113
2033
2075
2012
1983
2129
2101
2077
2009
2077
2033
2041
1989
2134
2169
2069
2050
2043
1949
1901
2012
2188
2273
2161
2154
2137
2065
2009
2072
2064
2084
2185
2121
2122
2135
2258
2086
1998
2023
2061
2079
2130
2046
2121
2124
2084
2137
2069
2011
1947
1892
1859
1933
1973
1909
1981
2031
2027
2158
2184
2124
2096
2038
2065
1967
2046
2029
2048
2109
2054
2090
2101
2044
2104
2140
2213
2154
2142
2216
2108
2072
2074
2169
2143
2113
2044
2108
2180
2114
2048
1968
1936
1973
1904
1956
2027
2178
2064
1914
2001
1989
2041
2034
1999
2084
2157
2137
2231
2172
2193
2043
2065
1965
1900
1976
2027
2092
2132
2053
2031
2040
2096
2121
2140
2157
2238
2087
2069
1933
1970
1995
2095
2070
2060
2172
2087
2077
2172
2151
2049
2081
2089
2113
2103
2088
1996
1975
1959
2058
2089
2146
2149
2199
2211
2077
2033
2039
2000
2101
2096
2065
2037
2068
2100
2004
2000
1912
1978
1980
2130
2192
2132
2173
2224
2084
2121
2185
2086
2069
2036
2037
2079
2037
1991
1896
1762
1799
1929
2037
2076
2037
2105
2068
2192
2256
2113
2137
2116
2271
2169
2023
2040
2025
2004
2014
1982
1968
1961
1888
1991
2124
2100
2060
2043
2071
2055
2084
2150
2028
1944
2003
2050
2049
2152
2285
2224
2165
2006
2017
2148
2052
1961
1932
2064
2020
1960
2009
1976
1864
2048
2069
2072
2042
2041
1909
2009
2044
2049
2017
2068
2244
2169
2128
2038
2003
2036
2121
2089
2064
2137
2225
2152
2061
2080
2042
1969
2069
2015
2053
2047
2146
2117
2057
2133
2101
2008
2035
1987
1869
1917
1816
1840
1975
1989
2077
2280
2282
2234
2204
2098
2025
2043
2104
2132
2146
2181
2137
2130
2158
2116
2098
2107
2042
2023
1963
1971
2053
2101
2034
1973
2031
2031
2073
2014
2039
1927
1933
2128
2207
2324
2217
2172
2072
2120
2034
2046
2108
2061
2065
1976
1876
1951
1992
2024
2029
2104
2031
2151
2143
2093
2001
2002
2023
2042
2068
2060
2113
2053
2111
2181
2237
2196
2251
2230
2085
2018
2119
2060
2085
2035
1979
1911
1937
2120
2069
1938
1983
1959
1986
2039
2133
2104
2113
2084
2099
2092
2060
2128
2117
2096
2086
2033
1937
1801
1955
2011
2083
2096
2035
1933
1969
1980
1921
1986
2087
2055
2085
2045
2029
2068
2080
2081
2123
2105
2165
2212
2200
2164
2077
2054
2076
2068
2034
1998
2070
2044
1988
1995
1901
1912
1953
2081
2181
2137
2041
2109
2096
2274
2375
2109
2077
2032
2137
2165
2052
1887
1907
1886
1917
1999
2065
2112
2125
1957
1917
2022
2104
2084
2018
1975
2031
2047
2037
2175
2060
1973
2095
2151
2137
2058
2165
2162
2085
1992
1968
1943
2079
2072
2069
2100
2173
2137
2090
2215
2114
2042
2113
2064
2152
2013
2022
2044
2106
2108
2258
2236
2244
2168
2164
1985
1988
1981
1981
2025
2214
2119
2096
2027
1980
1989
2113
2130
2236
2100
2051
1933
2023
1994
2038
2073
2033
2055
2082
2116
2116
2009
2076
2037
1967
1997
1980
1897
1911
1987
2076
2060
2115
2111
1958
2018
2088
2084
2101
2098
2073
2134
2116
2079
2185
2015
1975
2023
2025
2057
2162
2034
2023
1965
2044
2059
2071
2103
1941
1949
1949
2132
2120
2078
2021
2029
1968
1971
1929
1951
2093
2236
2184
2226
2175
2196
2127
2130
2117
2076
2267
2187
2113
2083
2058
2076
2017
2124
2029
1900
1917
1962
2048
2022
2098
1985
1945
2011
1913
2040
2113
2158
2025
1992
1983
2072
2169
2195
2064
2017
2025
2084
2124
2156
2113
2095
2140
2195
2075
1960
2065
2100
2058
1993
1979
1900
1908
1985
2194
2149
2108
2075
2037
2131
2089
1995
2106
2084
2158
2170
2174
2074
1909
1961
2081
2020
2007
2112
2033
2052
1981
1939
2048
2230
2168
2147
2160
2145
2192
2061
2048
2009
2043
1985
2048
2038
2089
1919
2006
2147
2082
2116
2125
2113
2009
2077
2044
2083
2054
2047
2133
2129
2117
2188
2156
2160
2019
1987
2038
2045
2010
2041
2013
1981
2058
2078
2143
2095
1989
1887
1797
1802
2071
2155
2218
2177
2041
2113
2020
1900
1830
1895
2129
2143
2153
2183
2103
2005
1988
1973
2107
2072
2082
2124
2037
2094
2021
2027
2130
1950
2084
2183
2198
2052
2061
2139
1923
1948
1914
1958
2061
2164
2152
2120
2239
2217
2161
2142
2056
2069
1996
1971
2125
2185
2105
2109
2055
2036
2091
2150
2163
2111
2053
1989
2086
2043
2145
2134
2070
2087
1939
2028
2007
2092
2065
2074
2120
2201
2011
2102
2146
2099
2018
1970
2033
2048
2024
2038
2111
2189
2127
2019
2003
1922
1897
1892
1956
2061
2087
2231
2209
2137
2021
2049
2028
2084
2029
1959
1983
2004
2051
2084
2045
2115
2188
2067
2013
1893
1905
2033
1981
2009
2036
2112
2079
2035
2079
2092
1997
1905
2044
2072
2217
2283
2349
2192
2182
2231
2146
2206
2189
2165
2189
2125
2000
2012
1949
1882
1937
1945
1941
1895
1956
2014
2077
1999
2137
2177
2038
2075
2022
2014
2072
2143
2148
2057
2021
2110
2187
2183
2034
1954
1941
2053
2094
2174
2220
2037
2100
2105
2097
2105
2075
2128
2197
2083
2111
1933
1998
2068
2015
2071
2085
2177
2142
2021
2036
2029
2061
2029
2045
1933
1804
1883
1956
2012
2036
2114
2061
1997
1970
1947
2031
2154
2141
2168
2212
2121
2173
2096
2088
2023
1903
1868
1912
1967
1887
1943
1999
1981
2033
1862
1911
2012
2079
2114
2111
2205
2328
2239
2096
2170
2181
2146
2174
2119
2140
2065
1966
1997
1964
1978
2021
2209
2183
2095
2093
2104
2018
1955
1951
2034
1957
2077
2108
2129
2061
2051
2081
1996
1997
2029
2145
2155
2066
1985
2024
2067
2040
2088
2256
2265
2289
2231
2176
2077
2000
2015
2015
2060
2005
2064
2097
2010
1976
2025
2053
2018
2025
2010
1962
1982
1909
2119
2111
2011
1969
2149
2153
2245
2155
1916
1887
1913
2006
2135
2148
2096
2128
2157
2146
2180
2083
2143
2165
2079
2072
2116
2089
2183
2064
2050
2045
2108
2113
1957
2056
2093
2001
1976
2052
2048
2140
2187
2221
2215
2053
2019
1950
1995
1954
1927
1901
1992
1919
1898
1903
1988
2097
2093
2229
2265
2164
2131
2092
2079
2091
1996
1909
1975
1913
1919
2104
2227
2273
2113
1938
1944
1992
2000
2057
2048
2081
2018
2037
2081
2037
1997
1900
1979
2055
2047
2121
2116
2143
2144
2095
2084
2108
2116
2109
2156
2024
1926
1804
1927
1969
2057
2076
2091
2097
2142
2217
2160
2105
2058
2137
2054
2049
1975
1868
2063
2241
2317
2185
2044
1991
2019
1997
2044
2044
2117
2072
2078
2069
2060
2193
2184
2217
2183
2084
2088
2253
2147
2047
2053
2164
2128
2108
2070
2065
2071
2156
2214
2212
2076
1892
1895
1833
1882
1940
1922
1875
1999
1960
1903
2033
2056
2157
2098
2061
1989
1929
2095
2057
2034
2156
2120
2180
2075
2070
2082
2058
2102
2093
2204
2159
2200
2124
2060
1985
1912
1988
2060
2033
2033
2111
2028
1980
2049
2171
2129
2174
2201
2212
2258
2128
2032
2052
1987
2043
1995
1981
1921
2015
2023
2082
2031
2057
2028
2076
1997
2062
2209
2195
2084
1965
1976
1813
1885
2023
2043
2041
2036
2111
2137
2182
2242
2253
2187
1972
1989
1996
2017
2008
1896
1985
2011
2071
2108
2064
2136
2142
2068
2004
1888
1909
1998
2052
2157
2111
2125
2228
2156
2101
2162
2076
2134
2209
2245
2267
2190
2264
2192
2247
2064
2036
2090
1957
1779
1956
1997
2069
2052
2066
1959
2010
2078
2068
2111
1932
2064
1996
1953
1956
1969
2037
2051
2013
2079
2121
2143
2243
2139
2060
2015
1937
1983
1980
2013
1939
2003
2106
2230
2148
2156
2168
2153
2057
1910
1975
2125
2084
2128
2143
2161
2099
2005
2088
2160
1974
1977
2032
2015
1909
2000
2039
2105
2153
2135
2060
2101
2015
1975
1957
1944
1978
1949
2015
2048
2011
2057
2149
2084
2069
2037
2001
2024
2039
2072
2113
2262
2295
2188
2043
2001
2097
2107
2053
2096
2076
2010
2037
2048
2101
2150
2283
2173
1967
2007
2011
2103
2080
2016
2170
2221
2252
2168
2078
2066
2015
2011
2001
1886
1951
2036
2052
2125
2081
2018
1969
1936
2057
2148
2203
2156
2098
1921
2116
2109
2132
2051
2012
2084
2096
2161
2231
2221
2188
2143
2140
2085
2024
1951
1889
1857
1957
2009
2015
2029
2033
2064
1990
1887
1998
2045
2044
2084
1913
2018
2091
2133
2213
2244
2201
2121
2049
1955
2009
2116
2097
2157
2023
2007
2004
2070
2121
2069
2108
2104
2077
2124
2088
2043
2040
2036
2090
2028
2125
2077
1987
1987
1959
1991
2001
2015
2053
2023
1939
2046
2013
1887
1881
1973
2074
2091
2098
2158
2057
2059
2131
2165
2140
2141
2148
2130
2297
2241
2147
2055
2085
2111
2103
2017
1992
1918
1996
2015
1945
2002
2133
2031
2162
2104
2067
2046
2013
2061
2079
2069
2100
2117
2158
2193
2278
2094
2029
1901
1849
1989
2015
1941
2017
2089
2000
1922
1968
1956
2020
2059
2070
2058
2015
2106
2029
2045
2048
2199
2162
2125
2028
1946
2127
2049
2105
2118
2164
2140
2117
2184
2169
2013
1973
1982
1990
2098
2071
2009
1924
1944
1991
2087
2192
2088
2072
2094
1953
1913
1905
2105
2044
2088
1905
1972
2128
2085
2161
2033
2015
1936
2035
2064
2004
1973
2066
2081
2015
2074
2076
2099
2056
2169
2301
2256
2136
2071
2051
2114
2032
2054
1953
2036
2043
2082
2088
2110
2049
2221
2311
2164
2193
2049
2029
2035
2057
2088
2021
2151
2121
1961
1967
2000
1970
1950
1962
2044
2029
2056
2053
2107
2192
2119
2164
2263
2301
2221
2044
1924
1873
1963
2093
2041
2079
2073
2037
2090
2118
2107
2117
2142
2064
2104
2088
1979
2073
2104
2024
1977
2114
2004
1967
1926
1997
2015
2009
2165
2165
2184
2048
1929
2023
2138
2079
1951
2020
2117
2205
2202
2180
2013
2055
2101
2084
1951
1962
1955
2023
2141
2165
2109
2215
2100
2064
2157
2081
2083
2077
2105
2089
2037
2007
1979
2057
2026
2152
2065
2061
1995
1986
1932
2020
1981
1957
1959
2114
2148
2046
2038
2100
2066
2107
2153
2111
2024
2052
2097
2065
2129
2203
2152
2132
2009
1866
1990
2169
2231
2081
2146
2128
2060
1979
1895
1948
1800
1900
2025
2060
2157
1981
2163
2156
2141
2130
2094
2135
2143
2072
2072
2077
1953
1919
2024
2110
2099
1974
2015
2021
2061
2009
1947
2050
2092
2113
2019
2053
2201
2206
1972
1956
1890
1961
2030
2084
2266
2322
2143
2114
2183
2108
2087
2044
1982
2000
2065
2088
2157
1978
2002
2084
2075
2073
1951
1921
1930
2001
2039
2140
2183
2198
2089
2101
2034
2004
2050
2043
2092
1999
2057
2116
2096
2012
2038
2069
2061
2107
2094
1932
1975
2059
2147
2217
2179
2062
2043
1981
2043
1961
1937
1966
2024
1918
2061
2073
2171
2167
2131
2135
2113
1993
2036
2072
2170
2041
2070
2083
2141
2162
2084
2101
2088
2152
2182
2143
2095
1981
2001
2049
2134
2065
2126
2153
2116
2044
2092
2120
2100
1977
2015
1987
1936
2013
2145
2034
2069
1900
2067
2188
2209
2209
2108
2068
1994
1896
1962
1951
1954
2052
2068
2225
2145
2073
1994
1919
1917
1917
1980
2104
2105
2057
2188
2201
2021
1959
2020
2238
2245
2081
2042
1957
2045
1973
2096
2130
2122
2060
2015
2068
2149
2108
2117
2095
2055
2039
2003
2020
2039
2048
2064
2061
2118
2128
2174
2088
1946
1916
1907
2117
2121
2044
2099
2089
2097
2100
2110
1971
1945
1993
2060
2013
1981
1989
2079
2192
2091
2076
2100
2024
1985
1985
2085
2193
2268
2229
2267
2297
2201
2111
2032
1890
1871
1994
1995
1956
2041
2069
2028
1949
1999
1978
2030
2034
2097
2066
2035
1978
2037
2081
2019
2188
2163
2118
1980
2039
2015
2039
1984
1951
2040
1975
2040
2157
2264
2096
2064
2010
2050
1999
2031
1951
1962
2072
2207
2209
2167
2071
2081
2113
2056
1985
2067
2037
1938
2012
2079
2051
1992
1998
2066
2128
2044
2069
2191
2220
2147
1915
1902
1838
1973
2073
2029
1964
1997
2023
2004
1990
2086
2086
2163
2202
2143
2085
2064
2216
2152
2103
2069
2045
2028
2111
2186
2172
2205
2177
2204
2182
2084
2001
2071
2103
2162
2041
2028
1983
1926
1795
1975
2028
2041
2132
2129
2149
2079
1963
2007
1903
1976
2096
2033
1968
2064
2115
2098
2128
2076
2111
2171
2128
2140
2121
2075
2133
2128
2046
2130
2084
1999
1990
2115
2168
2170
2041
1994
1914
2027
1954
1919
1911
1905
1938
2121
1977
2069
2096
2002
2076
2087
2099
2096
1950
1833
1969
2056
2085
2176
2268
2140
2164
2176
2053
2104
2005
1941
2108
2149
2036
2134
2104
2042
1980
2039
2032
2024
2074
2091
2052
2026
2079
2114
2179
2144
2035
2004
2002
1979
2049
2113
2153
2144
2045
2079
2005
2006
2070
2124
2045
2149
2209
2100
2020
2035
2072
2064
2079
2026
1999
2109
2111
2154
2012
2011
1985
2034
2010
2104
1966
1993
2130
2176
2049
2165
2072
2076
2052
2018
2064
2012
1959
1858
1852
2053
2042
1996
2026
2048
2192
2218
2314
2052
2060
2062
2104
2052
1975
1937
2010
2090
2129
2078
2074
2189
2177
2297
2210
2145
2046
2010
2047
2040
1983
2034
1983
1940
2045
2179
2209
2207
2214
2121
2081
2023
2049
2110
2133
2185
2143
2093
2008
2009
2061
2126
2207
2122
2081
2015
2062
1997
1955
1917
1981
1901
1884
1959
2160
2022
1976
2137
2290
2263
2088
2081
2056
2022
2073
2217
2046
2124
2181
2085
2028
2009
1997
2005
2079
2079
2157
2135
2133
2115
1967
2015
1972
2063
1965
2099
2140
2098
2168
2163
2157
2142
2125
2061
2045
1933
1929
2022
2044
1983
2084
2215
2270
2220
2137
2007
1993
1993
1919
2037
2176
2117
1811
1883
1879
1934
1950
1949
2037
2041
2005
2065
2173
2209
2297
2201
2132
1973
1916
1963
1999
2045
2065
2088
2040
2081
2059
1888
2052
2072
2041
1946
1988
2029
2065
2024
2088
2195
2068
2122
2152
2058
2059
2080
1964
1985
2125
2134
2164
2214
2107
2038
2038
1993
2009
1951
1993
2022
2135
2002
2056
2007
2077
2044
1927
1928
1993
2162
2149
2028
1951
1981
2075
2149
2134
2134
2147
2060
2077
2128
2177
2081
2076
2075
2056
1910
1981
1999
2003
2032
2071
2026
2013
2117
2184
2249
2106
1955
1989
1949
2000
2075
2037
2121
2042
1868
1868
2102
2004
2056
2045
1972
1981
2049
2096
2095
2062
2069
2081
2133
2074
2177
2128
2179
2070
2073
2061
2195
2157
2098
2049
1965
1920
2001
2078
2086
2031
1961
2053
2029
2064
2089
1959
1972
1988
2118
2212
2169
2206
2182
2221
2180
2168
2238
2137
2009
1905
1972
2065
2081
2097
2063
2038
2028
2074
2044
2052
2037
2097
2125
2049
2059
2109
2109
2068
2105
2073
2172
2090
2086
1985
1943
2057
2021
2116
2105
2089
2188
2189
2057
2055
2107
2136
2149
2137
2062
1961
2005
1953
1945
2000
1980
2050
2125
2222
2189
2147
2158
2203
2039
2036
1936
1945
1977
2002
2039
2071
2054
2012
2016
2045
2109
2109
2050
2005
2023
2048
2213
2132
1967
2060
2093
2229
2156
2121
2072
2109
2079
2052
2054
2060
2119
2048
1994
1969
1989
1937
1919
2014
2123
2077
2173
2039
2096
1931
1949
1912
1977
2015
2051
2128
2185
2105
2038
1940
2101
2092
2078
2140
2129
2109
2057
2015
2100
2004
2187
2067
2149
2117
2157
2079
2136
2073
2019
1937
2017
2153
2073
2119
2026
2076
2054
2004
2085
2132
2132
2072
2130
2005
2071
2143
2117
2085
2103
2028
2130
2033
1981
1972
2100
2062
2132
2158
2207
2080
1994
2040
1995
1896
1997
2101
2045
2005
1920
1967
2095
1963
1991
1932
2009
2071
2166
2093
2143
2182
2145
2055
2069
1941
1994
2064
2117
2094
2047
2053
2108
2121
2078
2136
2132
2121
2005
1884
1869
1911
1938
2019
2049
2124
2180
2175
2188
2165
2183
2237
2170
2195
2070
2037
1994
1970
1937
1936
1926
1948
2015
2143
2178
2077
1909
1896
2087
2157
2213
2029
2021
2015
2011
2027
2149
2054
2092
1962
2015
2135
2094
2154
2091
2057
2012
2064
2012
2094
2051
2043
2089
2092
2039
2109
2133
2233
2147
2123
2026
2017
2005
2124
2090
2089
2097
2106
2127
2121
1960
1976
2101
2137
1994
2006
1983
2069
2148
2207
2130
2215
2171
2063
1959
1933
1871
1893
1977
2115
1947
1981
1945
1918
2005
2072
2180
2091
2124
2098
2068
1951
2077
2161
2180
2033
1970
1966
1826
1945
2106
2155
2213
2096
2010
2038
2008
2143
2121
2182
2120
2068
1994
1996
2052
2196
2217
2045
2140
2072
2110
2101
2064
2021
2057
2098
2152
2011
2049
2069
1976
2149
2116
1983
1931
1818
1883
2085
2057
2151
2111
2193
2065
1976
2055
2049
2096
2005
2001
2095
2073
2049
2053
2108
2017
2001
1996
1986
2046
2177
2186
2169
2052
2172
2189
2121
2153
2032
2067
2018
2031
2029
2065
2081
2015
2019
2047
2124
2015
1988
2098
2029
2033
1964
1937
1883
1991
2006
2015
2106
2136
2085
2125
2258
2188
2189
2143
2021
1899
1908
1931
2007
2043
2140
2224
2123
2082
2052
1886
1921
2084
2028
1929
1918
2079
2189
2192
2153
2129
2079
2057
2023
2040
1945
2015
1995
2021
1987
2169
2102
2088
2121
2095
2101
2052
2084
2079
2000
2123
2184
2127
2085
2132
2071
2229
2067
2017
2068
2122
1934
1981
2108
2111
2149
2222
2061
2001
2109
2050
2056
2081
2113
1981
1990
1937
1925
2089
2176
2133
2125
2200
2004
1995
2045
1989
2015
2119
2062
2064
2021
1987
1906
2037
2105
2166
2103
1944
1964
2112
2164
2156
2103
2085
2082
2097
2053
2024
2028
2019
2026
2057
2143
2188
2189
2117
2098
2157
2040
2039
2033
2068
1993
2039
2069
2036
2092
2133
2153
2028
2031
1992
2002
2020
2088
2060
2092
2125
2065
1960
1968
1973
2111
2088
2031
1996
1986
2102
2141
2013
2201
2123
2136
2109
2149
2048
2037
1951
1980
2077
2049
2079
2073
2165
2271
2113
2033
2141
2257
2060
2100
2007
2029
2119
2021
1995
2177
2135
1991
2058
2096
1996
1974
1951
1988
2008
2001
1989
1978
1884
2060
2051
2061
2101
2111
2010
2126
2141
2100
2052
2054
2088
2033
1978
1964
2100
2100
2129
2097
2125
2047
2114
2069
2053
2033
1979
2059
1992
2004
2122
2140
2141
2162
2188
2081
2021
1951
2052
2125
2060
2003
1991
2006
2044
2045
2076
2119
1997
2031
2024
2040
2146
2062
2160
2146
2103
2189
2237
2133
2189
1998
2000
2006
2049
2068
2162
2046
2108
2025
1999
2000
2082
2198
2053
2085
2111
1977
2112
2092
1983
1916
1927
1961
1966
1933
1926
1998
2054
2124
2126
2169
2153
2085
2092
1961
1945
1968
2023
2081
2096
2086
2122
2170
2231
2231
2127
2053
2025
2039
2066
2053
2165
2064
2067
2152
2192
2158
2174
2133
2087
2138
2137
1969
2024
2068
2101
2172
2061
2000
1978
1983
2150
2083
2120
1936
2015
2049
1983
1988
2009
2072
2078
2072
2114
2120
2148
2073
2055
1868
2075
2193
2014
1883
2001
2082
2033
2103
2121
2156
2057
1869
1916
1900
2009
2033
2052
1908
1983
1996
1980
1904
1976
2010
2059
2053
2365
2376
2262
2148
2173
2143
2082
2013
1929
1977
2015
2148
2105
2119
2146
2194
2148
2037
2044
1983
1949
1868
1968
2060
2005
2032
2182
2187
2193
2095
2107
2010
2025
2096
2113
2124
2105
2167
2163
2189
2168
2109
1996
1972
2020
2084
2166
2111
2097
2074
2052
2105
2094
2093
1976
1900
2000
2124
2204
2101
2055
1981
1953
1844
2003
2085
2057
2050
1996
1938
1894
1991
2007
2008
2046
2104
2064
2062
2004
2015
2088
2185
2158
2140
2216
2229
2170
2093
2140
1983
2033
2077
2100
2035
1945
1949
1988
2072
2217
2274
2061
2122
1973
2001
1994
2141
2067
1960
2019
2061
2037
2068
1897
2048
2012
2054
2063
2082
2070
2210
2245
2141
2054
1985
1999
2061
2024
2051
2100
2002
2008
1951
1995
1988
1939
2045
2069
2015
2077
2144
2127
2151
2177
2000
2108
2181
2132
2172
2189
2068
2070
2181
2052
2073
2058
2066
2033
1994
2009
2008
2052
2017
2033
2075
2101
2073
2143
2109
2065
1932
1921
1919
1987
1997
1936
1901
2029
2226
2225
2216
2162
2138
2230
2065
2167
2085
2053
2093
2161
2151
1993
1937
1913
1983
2013
2009
2039
1968
2076
2091
2133
2038
2158
2048
2104
1976
2017
2079
2121
2193
2184
2236
2094
2148
2095
2054
2023
1963
2070
2004
2000
1885
1932
2128
2089
2076
2113
2029
2102
2015
1950
1874
2088
1956
1959
1977
2117
2256
2190
2048
2137
2149
2085
2086
2076
2020
2154
2072
2044
2133
2260
2089
2161
2152
2074
2121
2219
2200
2086
1992
1921
2037
2087
2052
1951
2045
1983
2096
2102
2180
2147
2088
2060
2080
2048
1976
1964
1934
1918
1941
1919
1999
2060
2039
2033
2173
2222
2205
2160
2124
2146
2096
2084
2041
1939
2040
2107
1951
2065
2092
2024
2036
2153
2145
2192
2103
1919
1997
2023
2012
2041
2112
2174
2124
1971
1893
1895
1894
1962
1968
2063
2117
2101
2069
2188
2180
2072
2061
1919
2056
2160
2029
1977
1951
1998
2124
2193
2066
2093
2169
2093
2037
2065
2161
2196
2156
2115
2124
2244
2089
2057
1989
1980
2060
2109
1971
2069
1957
1905
1934
1991
2076
2095
2108
2135
2148
2102
2092
2000
1940
1996
1972
2025
2181
2145
2072
2061
2085
2148
2149
2196
2074
1996
1975
2043
2037
2169
2089
2004
1977
2041
2130
2113
2111
2134
2200
1925
1987
1939
1964
1993
2001
2106
2153
2047
2029
2155
2175
2217
2165
2053
1929
1885
1975
2099
2125
2077
2015
2001
2012
1976
2057
2204
2278
2242
2288
2209
2125
2054
1989
1993
2028
2013
2081
2063
2021
2065
2013
1954
1972
1941
1926
1970
2053
2056
2090
2067
2134
2000
2032
2148
2095
2176
2045
2017
2029
2087
2066
2061
2164
2069
1945
1948
2075
2115
2092
2148
2188
2064
2082
2161
2078
2170
2071
1907
1965
2064
2006
2036
1999
1929
2044
2109
2064
2120
2051
2066
2029
2056
2187
2169
2160
2144
2037
1935
1960
1889
1968
1964
1884
2041
2017
2026
2029
2077
2152
2152
2044
2133
2001
1954
2011
2097
2143
2085
2005
1993
2121
2143
2196
2147
2023
1900
1892
2020
2048
2176
2219
2140
2149
2101
2101
2137
2140
2094
2065
2106
2136
2130
2077
2161
2092
2000
1911
1913
1923
1955
1996
1941
2056
2038
2070
2001
2088
2174
2102
2024
1981
2024
2104
2093
2146
2150
2125
2064
2033
2021
2009
2105
2161
2122
2039
1887
2050
2007
2148
2181
2276
2188
2064
2017
2061
2023
1967
2089
2046
2049
2131
2044
1989
1998
2164
2250
2233
2140
2160
2079
1968
1883
1853
1920
2056
2137
2073
2109
2023
2011
2117
1997
2113
2188
2202
2190
2068
2027
2042
2015
2084
2032
2026
1877
1812
1885
2060
2048
2061
2095
2100
2149
2105
2108
2075
1972
1917
1965
2143
2053
2037
2263
2157
2061
2012
2036
2207
2251
2269
2166
2073
1991
1965
1980
2045
2113
1958
2018
2207
2198
2220
2124
2173
2116
1935
1898
1873
1964
1894
1965
2036
2231
2138
2008
2100
2097
1991
2050
2087
2034
2045
1968
1933
2005
2176
2125
2032
2105
2062
1921
1971
2053
2027
2170
2128
2056
1976
2050
2044
2090
2143
2172
2064
2044
2137
2208
2143
2131
2104
2128
2106
2093
2187
2099
2069
2025
1941
1911
2032
2093
2039
2080
1951
1955
1978
2125
2095
1980
1997
1991
2023
1974
1937
2110
2154
2157
2081
2199
2200
2168
2161
2111
1958
1961
1916
1983
1945
1968
1919
2004
2072
2083
2153
2147
2128
2193
2210
2149
2094
2023
1921
1939
1904
1816
2012
2178
2148
2080
2037
2066
2196
2225
2169
2156
2113
1957
1969
2016
2143
2169
2108
2164
2073
2128
1980
1958
2064
2054
2015
2172
2111
2012
1953
1973
2045
1956
2015
2072
2121
2049
2029
2085
2217
2121
2109
2136
2141
2097
2185
2064
2051
2023
1888
1998
2036
2044
2053
2055
2062
2192
2090
1964
1958
2076
2011
2051
2001
2045
1996
2036
2093
2011
1957
2092
2101
2186
2233
2079
2004
1949
2084
2134
2148
2096
2075
2048
2084
2081
2007
2086
2139
2238
2248
2338
2261
2045
2103
1957
2049
2079
2100
2105
2044
1971
1944
1974
1933
1927
2015
2118
2162
2128
2094
2058
2029
2062
2003
2012
2167
2111
2090
2104
2147
2156
2115
2085
1942
2048
1981
1966
2100
2144
2177
2173
2088
2082
2043
1944
1849
1834
1895
1992
1933
1975
2038
2039
2126
2077
2136
2152
2062
2166
2136
2119
2125
2117
2071
1879
1949
1990
1989
1980
1964
2068
2057
2029
2006
2057
2089
2062
2084
2109
2149
2124
2106
2015
2053
2074
2111
2012
1924
2036
2099
2012
1934
1927
2116
2086
2137
2204
2250
2253
2145
2139
2058
2040
2122
2132
2107
2064
2064
2049
1940
1928
1895
1972
2005
2038
2040
2131
2233
2217
2124
2033
2053
2182
2143
2122
2073
2033
1989
2170
2101
1936
2023
1946
2004
1929
2057
2141
2213
2001
2056
2066
2069
2134
1988
1973
2061
1983
1992
2035
2100
2054
2076
2049
2005
1944
2017
2066
2089
2085
2092
2036
2087
2121
2183
2175
2117
2174
2009
2037
2109
2153
2175
2195
2157
1950
1992
2050
1961
1996
1940
2082
2221
2209
2124
2045
2064
2033
2025
2120
2140
2121
2158
2088
1995
1818
1940
2070
2209
2101
2011
1944
2084
2185
2115
2059
2046
2216
2052
2031
1917
2066
2025
2023
2018
2103
2050
1949
1937
2025
2184
2174
2102
2169
2073
2180
2114
2096
2056
1918
1983
2014
2077
2088
2137
2082
1974
1906
1931
2041
2081
2113
1957
2003
1983
2072
1973
2038
2113
2163
2165
2116
2152
2042
2045
2181
2107
2083
2056
1993
2076
2113
2025
2160
2173
2156
2124
2267
2252
2120
2014
2018
2013
2092
2193
2281
2209
2131
1977
2090
2100
2069
1989
2039
2055
2080
2088
2041
1977
1993
1946
2012
1876
1844
1961
1997
2086
2142
2201
2183
2164
2139
2161
2082
1881
1905
1942
1941
1990
1991
2084
2141
1989
1948
2079
2088
1980
2099
2126
2025
2000
2056
2087
2107
2048
2080
2217
2204
2325
2070
1932
1892
1812
1929
2017
1986
1979
1983
2097
2197
2077
2032
1940
1988
2087
2099
1965
2103
2107
2117
2068
2100
2161
2134
2151
2152
2122
2078
2174
2201
2199
2076
2034
2073
2062
2027
2117
2111
2076
2039
1894
1900
2013
2139
2193
2088
2116
2079
2062
2070
2141
2044
2012
1949
2047
2058
1932
1955
1839
1984
2089
1973
1962
2116
2245
2245
2234
2230
2162
1983
1941
2050
2181
2070
2020
1952
1900
2015
2022
2050
2111
2209
2143
2200
2166
2113
2180
2051
2033
2009
2173
2315
2238
2028
1966
1994
2060
1996
2041
2082
2132
2257
2092
2116
2028
2047
1948
1962
1964
2009
2039
2036
2212
2040
2074
2076
2134
2180
2121
2192
2040
2148
2127
2056
1998
1840
1808
1968
2028
2034
1937
1947
1887
1988
2085
2137
2257
2217
2235
2123
2081
2076
1954
2045
2024
1983
1936
1810
1877
1943
1983
2180
2198
2159
2164
2132
1996
1887
1972
2133
2133
2101
1983
2030
1991
2111
2173
2101
2202
2236
2143
2083
2001
1876
1951
2109
2142
2272
2124
2182
2137
1988
1985
1940
1963
2025
2009
1983
2172
2073
2132
2148
2153
2116
2007
2005
2069
2077
2015
2173
2196
2045
1993
1955
2082
2090
1999
2025
2136
2172
2263
2145
2100
2046
2037
1949
2064
1996
1865
1891
1837
1980
2044
2015
2099
2154
2141
2184
2189
2081
2036
1980
2037
2212
2147
2050
1938
2020
2081
2130
2000
1936
2053
2097
2220
2233
2114
2077
2045
2056
2097
2113
2046
2164
2165
2106
2168
2157
2035
1937
1918
1911
1951
2020
2049
2085
2173
2133
2151
2076
2153
2176
2052
1931
1868
1859
1993
2105
2227
2257
2239
2104
1885
1862
1842
1960
2064
2064
2045
2121
1986
1946
2041
2056
1933
1898
1930
1992
2102
2046
2048
2096
2118
2215
2180
2141
1968
2026
2168
2112
2007
2100
2037
2111
2179
2193
2088
2117
2055
1973
1945
1977
1890
2020
2124
2108
2089
1969
2021
2130
2176
1963
2168
2151
2179
2221
2167
2028
2018
1896
1890
1855
1936
2069
2168
2161
2157
2140
2033
2036
2030
2106
2105
2007
1954
1935
1945
2057
1940
1962
1973
2077
2127
2152
2111
2160
2001
2009
2015
2126
2280
2282
2201
2153
2069
2119
1996
1978
1938
1891
1917
1951
2009
2197
2175
2204
2099
2144
2013
2015
2036
2143
2044
2113
2073
2053
2048
2106
2051
2085
2129
2082
2022
2106
2198
2015
2046
1962
2045
2029
2062
2096
2057
2139
2229
2236
2139
2053
1887
1861
1958
1959
2068
2079
2089
2108
1993
1911
1943
2025
2070
2082
2136
2200
2117
2060
2151
2209
2247
2100
2176
2120
2084
2071
2005
2033
2109
2257
2096
2033
2032
2112
2095
2069
2157
2209
2207
2066
2095
2093
2004
2052
2017
2090
2079
1944
1899
1839
1871
1932
1996
1855
1986
2101
2121
2185
2194
2233
2293
2036
2064
2004
1959
1959
2054
2093
2125
2101
2086
2041
2121
2064
2081
1987
2009
2015
1924
1973
1951
1966
2068
2027
2072
2174
2116
2176
1975
1986
2046
2055
2053
1976
1861
1823
2022
2146
2229
2225
2214
2308
2090
2165
2169
2020
1981
2108
2137
2032
1997
1987
1989
1962
2104
2135
2055
2119
2105
2001
1977
1981
1965
1939
2020
2228
2174
2132
2117
2096
2045
1921
2025
2192
2212
2120
2061
2002
2040
2207
2257
2143
2149
2160
2037
1946
1960
2038
2056
2079
2129
2033
2001
2044
2116
2132
2004
1992
1912
1938
1983
1978
1970
2177
2176
2153
2079
2033
2094
2104
2164
2044
2078
2212
2197
2160
2166
2045
1916
2007
2060
2101
2089
1986
1925
1975
2029
2111
2015
2077
2077
1999
2069
2127
2217
2192
2064
2015
2087
2175
2052
2080
2008
1807
1915
1975
2027
2156
2169
2142
2030
1966
2032
2015
1964
1993
2081
2083
2152
2180
2007
2093
2004
1972
2020
2020
1970
1951
2061
2096
2124
2045
1995
2096
2116
2185
2193
2177
2092
2023
2118
2091
2041
2054
2064
2125
2096
2108
1972
1955
2049
2141
2109
2054
2045
2073
2073
2094
2217
2179
2165
2149
2281
2054
2105
1986
2028
1991
2052
2076
2024
2008
2025
2005
2008
2069
2152
2085
2129
2064
2081
2122
2111
2039
2111
1997
2045
1933
2029
2050
2108
1996
1951
2023
2146
2041
2068
2050
2096
2061
2108
2173
2064
2052
1913
1971
2101
2108
2076
2126
2061
2030
1987
2052
1956
1979
2077
2122
1973
1910
1853
2058
2076
2082
2074
2023
2044
1928
1994
2004
2073
2277
2229
2087
1933
1956
1967
1976
2054
2117
2134
2188
2156
2111
1977
1907
1993
2085
2116
2135
2081
2128
2155
2146
2139
2205
2141
2065
2078
2105
2032
1998
2056
2044
2154
2207
2201
2167
2116
2114
2109
2012
1906
1929
1901
1904
1712
1890
2004
1995
2014
2102
2154
2229
2224
2199
2199
2119
1880
1865
1968
1953
1934
1981
1976
2039
2169
2220
2307
2317
2169
2071
1980
1919
1960
2153
2005
1947
2007
2135
2222
2271
2156
2180
2106
2093
2162
1983
1974
1895
1936
2025
1997
2015
2153
2194
2153
2070
2113
2042
2120
2028
1981
2027
2105
2100
2102
2101
2125
2157
2160
2022
2027
1965
2142
2210
1951
2009
2012
1983
1983
2102
2089
2114
1981
2105
2048
2128
2239
2205
2105
2078
2180
2155
2088
1983
1981
2005
2030
2060
1841
1842
1872
1991
2095
2129
2160
2139
2168
2085
1980
1894
2089
2015
1973
2117
2230
2125
2023
1951
2021
2177
2111
2054
2029
1989
1987
2032
2077
2087
2079
2199
2127
2128
2124
2096
2108
2104
2103
2100
2024
2033
2030
2039
2106
2141
2124
2004
2073
2073
2121
2192
2049
1940
1934
1989
2135
2049
2024
1992
2092
2114
2085
2125
2129
2066
1910
1945
1924
1957
1944
1866
1975
2068
2148
2003
2140
2049
2153
2251
2196
2236
2125
2125
2114
2216
2192
2093
2037
2088
2107
2072
2094
2065
2078
2049
1949
1992
1932
1865
2004
2036
2172
2207
2172
2134
2081
1991
1957
1923
1906
2033
2056
2009
2061
2135
2076
2118
2043
2005
1999
1962
2064
1975
2140
2172
2157
2111
2076
2125
2188
2220
2143
2114
2118
2118
2104
2105
2014
2050
2087
2067
1972
2085
2105
2079
1985
1935
1964
2057
1964
1952
1978
2059
1976
2089
1992
2149
2124
2209
2148
2120
2113
2174
2090
2103
2025
2157
2137
2068
2032
2048
2141
2074
2086
2126
2069
2060
2087
1918
2008
2105
2193
2081
2036
2072
2075
2009
2044
1997
1940
1904
1869
1980
1877
1821
1956
2010
2112
2217
2224
2124
2007
2037
2069
2068
2152
2226
2284
2313
2072
2110
2135
2106
2057
2132
2040
2019
1918
1994
1995
1997
2023
2220
2119
2227
2127
2000
2025
1929
1967
1973
1961
2053
2181
2108
2128
2175
2138
2076
2009
2044
2057
1972
1979
2114
2103
2152
2042
1993
2033
1955
1994
2135
2087
2123
2112
2009
1997
2071
2096
2031
2015
2164
2097
2041
1997
2010
2017
2155
2211
2089
1935
2070
1910
1929
1942
2156
2077
2297
2198
2192
2031
2033
2025
1925
1950
1977
1925
1908
1969
2010
2063
2101
2181
2159
2026
2173
2204
2260
2261
2201
2105
2056
2085
2025
1983
1942
1973
1940
1931
1937
1958
2045
2115
2112
2175
2192
2269
2207
2178
2109
1991
1934
1940
1969
2068
1998
2012
2021
2084
2053
2148
2149
2065
1967
1993
2056
1940
1952
2133
2109
2160
2158
2097
2097
2190
2082
1999
1914
1973
2130
2129
2046
1957
1916
1937
2085
2055
2172
2157
2154
2061
2078
2020
1943
1997
2086
2222
2092
2117
2011
2072
2017
1959
2059
2244
2159
2208
2122
2060
1972
1906
1928
1965
1956
1933
2046
2040
1970
2013
2061
2185
2125
2054
1984
2056
1997
1999
1975
2094
2050
2200
2195
2229
2231
2071
2105
2133
2134
2167
1945
2009
2083
2132
2243
2239
2153
2180
2181
2088
1949
2000
1973
2015
2039
1892
1952
2056
2114
2185
2079
2015
2217
2155
2023
1928
1957
1764
1932
2009
2111
2023
2035
2165
2079
2060
2011
1951
2034
1975
2058
2020
2041
2152
2178
2158
2065
2109
2069
2056
1911
1959
1901
2037
1991
2192
2214
2178
2219
2249
2231
2093
2156
2157
2041
2112
2120
2092
1911
1864
1808
1907
1902
1973
1916
1910
2068
2090
2116
2126
2147
2261
2192
2136
2200
2205
2152
2073
2163
2155
2089
2023
1927
2000
2036
1987
1978
2054
2072
2020
2020
1970
2061
2125
2159
2278
2168
1991
1968
2054
2088
2009
1993
2017
2061
2162
2192
2108
1987
1925
2032
2085
2110
2132
2189
2108
2033
2039
2037
2014
2064
2015
2076
2045
2100
2141
2115
2104
2117
2138
2212
2124
2053
1976
1929
2073
1973
1965
1999
1987
2030
2061
2096
2057
2011
2097
2161
2116
2123
2064
2022
2142
2101
2085
2031
1944
1942
1975
1986
2045
2028
2072
2100
2143
2093
1997
2085
2116
2213
2267
2178
2202
2193
2237
2054
2049
1951
2000
1919
1859
1924
1986
2139
2091
2093
2081
2004
1988
2005
1933
1982
2033
1992
2109
2154
2037
2140
2061
2058
2079
2098
2133
2093
1965
2022
2036
2064
2199
2134
2021
2183
2160
2101
2055
1985
1945
1872
1911
2116
2076
2128
2233
2270
2290
2177
2268
2120
2096
2064
1928
1907
1951
2004
2075
2144
2069
2111
2101
2115
2053
2053
2069
1991
2065
1995
2030
2061
2124
2024
1929
2089
2147
2060
1987
2061
2102
2180
2109
2027
1917
1909
1914
1862
2018
2089
1971
2000
2126
2097
2128
2211
2253
2175
2061
2055
2073
2221
2160
2079
2015
1989
2139
2100
2098
2069
1957
1972
1933
1964
2066
2161
2207
2148
2201
2111
2109
1986
1883
2077
2065
2098
1897
1901
1855
2032
2182
2081
1980
1946
1988
2128
2177
2205
2129
2133
2174
2124
2116
2158
2152
2188
2093
2000
1983
2069
2054
1975
1986
1972
2004
1940
2005
1969
2035
2087
2116
2160
2086
2141
2219
2243
2132
2163
2066
2121
2067
2128
2121
2181
2033
2096
2044
2004
2020
2069
2020
1997
1911
1856
1877
1978
2015
2028
1964
2029
2015
2033
2008
1976
1880
1887
1964
1907
2048
2196
2164
2089
2197
2137
2228
2146
2093
1915
2108
2207
2180
2172
2180
2105
2028
2127
2071
1893
1862
1986
2124
2260
2101
2119
2128
2151
2153
2120
2165
2139
2006
1907
1994
2001
1981
2105
2143
2052
2002
2042
2073
2084
1977
1939
1990
2085
2081
2067
2150
2118
2079
2076
2113
2129
2043
1994
2015
2068
2113
2116
2046
2052
2088
2011
2043
2025
2066
2096
2069
2148
2201
2064
2071
2072
2049
2076
2076
2048
2017
1899
1975
1980
2092
2083
2056
2043
2128
2177
2080
2104
2125
2088
2031
1922
1969
1979
2067
2040
2028
2048
2100
2091
2052
2038
2115
1971
1916
2079
2111
2041
2169
2184
2186
2185
2135
2117
2105
2005
1992
2105
2061
2009
2068
2143
2143
2230
2090
1979
1932
1976
1979
2161
2128
2145
2074
2173
2070
1936
1973
2031
2032
1926
1901
1911
2093
2116
2148
2126
2176
2177
2207
2198
2066
2105
1992
1919
2025
1989
1979
2029
1940
2143
2013
2148
2278
2249
2156
2165
2201
1988
1978
1997
2052
2020
1948
1864
1929
2000
2046
2110
2066
2031
2077
2075
2100
2204
2204
2189
2169
2172
2102
2142
2009
2029
2096
2046
1905
1997
1990
2121
2164
2109
2081
2100
2076
2078
1905
1862
2079
2052
2060
2100
2172
2048
2012
1919
2133
2165
2089
2056
2080
2060
2157
1995
2058
1973
2078
2035
2077
2116
2107
2104
2114
2124
2078
1940
1987
2020
1967
1893
2057
2025
1993
1907
1900
1876
1906
1966
2129
2133
2144
2192
2173
2026
2101
2117
2133
2149
2121
2130
1981
2091
2161
2066
2069
2028
2068
2030
2025
2039
1963
2001
2006
2138
2003
1985
2049
2058
1993
1967
2099
2155
2017
2073
2102
2031
1937
2010
2091
2074
2161
2271
2153
2148
2005
1889
2040
2069
2013
2063
2188
2137
2156
2044
2015
1996
2084
2200
2064
2130
2089
2030
2014
2084
2151
2160
2060
1992
2044
2131
2068
2050
2025
2126
2109
2125
2098
2062
2172
2256
2083
2132
2013
2037
2015
1987
2027
1913
1979
2099
2081
2060
2036
2055
2132
2064
2061
2032
2044
2106
2033
2043
2084
2177
2209
2142
2065
2033
2037
2022
2084
2121
2061
2070
2023
2025
2049
2103
2112
2086
2171
2084
2154
2088
2125
2047
2126
2082
2040
1924
1862
1918
2017
2069
2048
2023
2053
2332
2255
2248
2180
2039
2140
2061
2094
2132
2047
1956
1872
1898
1864
1965
1981
2067
2056
2141
2104
2051
1970
1972
2037
2120
2207
2117
2042
2017
2069
2041
1900
2004
2033
2040
2069
2115
2165
2072
2069
2108
1991
2140
2073
2049
2072
2012
2022
2148
2107
2018
2039
2081
2081
2113
2165
2164
2212
2089
2095
1995
1929
1993
2180
2188
2188
2109
2133
2183
2192
2137
2116
2005
1948
1953
1936
1835
1887
1957
2062
2082
2092
1998
2059
2150
2249
2197
2160
2089
2068
2046
2128
2050
2073
2079
2118
2069
2033
1975
1988
1973
1922
1939
2065
2079
2132
2010
1964
2023
2131
2010
1950
2108
2097
2153
2113
2000
2126
2170
2069
2213
2085
2096
2022
1891
2008
1983
2037
2180
2171
2140
2031
2039
2092
2039
1997
2030
1991
1961
1937
2071
2093
2140
2096
2217
2174
2120
2104
2098
2052
2001
2040
2041
2052
2040
1930
1888
1953
2079
2164
2232
2178
2072
2076
1977
1943
2008
2078
2121
2117
2015
2077
2055
2127
2151
2178
2136
2086
2022
2029
2070
2186
2158
2086
2130
2104
2084
2101
2042
2180
2156
2030
2097
2023
1957
1914
1979
2025
2002
1983
2084
2153
2113
1941
2058
2093
2148
2121
2140
2078
2145
2100
2106
2074
2057
1998
1992
2134
2042
2021
1983
2066
2040
2125
1983
2049
2038
2116
2087
2199
2097
2084
1988
2049
2185
2168
2131
2045
2029
2116
2072
2123
2096
2157
2075
1989
2015
2126
2152
2116
1977
1911
2022
2012
1965
2048
1989
2010
2057
2038
2129
2097
2021
1981
1973
2064
2183
2035
2011
2164
2209
2133
2155
2129
2096
2143
1991
1988
2028
2118
2172
2124
2024
1965
1911
1983
2109
2061
2077
1994
2041
2056
2025
2068
2148
2093
2185
2129
2042
2023
2035
2109
2168
2132
2076
1970
1961
1893
1965
2022
1981
2109
2222
2102
2107
2057
2091
1967
1994
2097
2141
2093
2113
2001
2029
2078
2180
2136
2196
2085
2066
1897
1848
1948
1981
2156
2178
2094
2124
2060
1989
2001
2020
1981
2046
1999
2093
2131
2120
2161
2116
2035
1997
1932
1991
2097
2030
2077
2027
2120
2108
2114
2093
2235
2123
1919
1921
1907
1993
1941
2025
2017
2107
2142
2301
2285
2261
2095
2021
1887
1893
1932
1981
1975
2026
2044
2093
2034
2017
1936
1993
1993
2020
2133
2189
2207
2233
2249
2138
1953
2015
1941
2055
2048
2094
2143
2093
2061
1995
2012
2017
2021
1938
2073
1922
2037
2109
2021
2037
2096
2108
2136
2116
2067
2104
2102
2188
2155
2041
2120
2071
2146
2209
2037
2080
1996
2098
2104
2194
2193
2132
2125
2045
2090
2121
2072
2081
2070
2161
1941
1993
1980
2045
2068
2184
2116
2242
2134
2158
2138
1986
1918
1845
1897
1925
1913
1957
2064
2136
2100
2002
1942
2020
2092
2236
2237
2154
2117
2013
1972
2022
2033
2101
2103
2170
2036
2048
1969
2045
2001
2013
2148
2066
1975
1966
2076
1959
2084
2149
2130
2104
2138
2124
1964
2034
1995
2124
2099
1971
1925
2045
2096
2020
2184
2120
2097
2098
2141
2156
2141
2185
2136
2128
2143
2092
2079
2084
2126
2181
2167
2176
2097
2019
1993
1969
1967
2029
2135
2205
2165
2146
2079
2106
2120
2025
1930
1948
1893
1888
1844
1882
1969
2096
2030
2076
2064
2072
2087
2073
2164
2193
2159
2273
2122
2122
1983
1959
1901
1987
1973
1996
1940
2015
2065
2120
2143
2188
2204
2134
2165
2057
2168
2125
2113
2158
1995
1983
2072
1955
1949
2048
2056
2088
2041
1885
1767
1935
1981
2101
2109
2162
2148
2087
2001
1906
2093
2317
2281
2276
2160
2133
2082
2025
2029
2060
2101
2096
2117
2140
2015
1951
1933
1997
2101
2079
2101
2089
2021
1936
1973
2102
2158
2161
2207
2027
2084
2052
1996
2009
2029
2133
2117
2069
1998
1870
1927
2021